[gd_scene load_steps=15 format=3 uid="uid://5jj5eaf8fup4"]

[ext_resource type="Script" path="res://Player.gd" id="1_xx6mv"]
[ext_resource type="AudioStream" uid="uid://dv12ksxj60e1j" path="res://Audio/SFX - Death Explosion.ogg" id="2_7tqw6"]
[ext_resource type="AudioStream" uid="uid://dgee6mv2yaey8" path="res://Audio/SFX - Success.ogg" id="3_ysejb"]
[ext_resource type="AudioStream" uid="uid://bjpi7bdng5bo2" path="res://Audio/SFX - Resonance2.mp3" id="4_8q4ro"]
[ext_resource type="PackedScene" uid="uid://ux6ivcx1ovdp" path="res://booster_particles.tscn" id="5_6hdmk"]
[ext_resource type="PackedScene" uid="uid://dcecb8hw7dbrv" path="res://explosion_particles.tscn" id="6_3p01v"]
[ext_resource type="PackedScene" uid="uid://b0erdrxa44fd3" path="res://Character/character.tscn" id="6_fxap2"]
[ext_resource type="PackedScene" uid="uid://jfwajmrh6ca7" path="res://success_particles.tscn" id="7_b8rrf"]

[sub_resource type="CylinderShape3D" id="CylinderShape3D_3qxql"]
height = 2.04312
radius = 0.267493

[sub_resource type="Curve" id="Curve_8dtic"]
max_value = 2.0
_data = [Vector2(0, 0), 0.0, 2.8, 0, 0, Vector2(1, 2), 0.0, 0.0, 0, 0]
point_count = 2

[sub_resource type="CurveTexture" id="CurveTexture_hjo6p"]
curve = SubResource("Curve_8dtic")

[sub_resource type="ParticleProcessMaterial" id="ParticleProcessMaterial_j0mko"]
scale_over_velocity_curve = SubResource("CurveTexture_hjo6p")

[sub_resource type="StandardMaterial3D" id="StandardMaterial3D_tdkdh"]
albedo_color = Color(0, 1, 1, 1)
emission_enabled = true
emission = Color(0, 0, 0.992157, 1)

[sub_resource type="TorusMesh" id="TorusMesh_v2xkg"]
material = SubResource("StandardMaterial3D_tdkdh")
inner_radius = 0.394
outer_radius = 0.292
rings = 16
ring_segments = 16

[node name="Player" type="RigidBody3D"]
transform = Transform3D(1, 0, 0, 0, 1, 0, 0, 0, 1, 0, 1, 0)
collision_layer = 2
collision_mask = 2
axis_lock_linear_z = true
max_contacts_reported = 10
contact_monitor = true
script = ExtResource("1_xx6mv")

[node name="CollisionShape3D" type="CollisionShape3D" parent="."]
transform = Transform3D(1, 0, 0, 0, 0.840426, 0, 0, 0, 1, 0.0266844, 0.672478, 0)
shape = SubResource("CylinderShape3D_3qxql")

[node name="ExplosionAudio" type="AudioStreamPlayer" parent="."]
stream = ExtResource("2_7tqw6")
pitch_scale = 0.48

[node name="SuccessAudio" type="AudioStreamPlayer" parent="."]
stream = ExtResource("3_ysejb")
volume_db = -17.114

[node name="AudioStreamPlayer" type="AudioStreamPlayer" parent="."]

[node name="RocketAudio" type="AudioStreamPlayer3D" parent="."]
stream = ExtResource("4_8q4ro")
pitch_scale = 1.28
autoplay = true

[node name="Character" parent="." instance=ExtResource("6_fxap2")]
transform = Transform3D(1, 0, 0, 0, 1, 0, 0, 0, 1, 0, -1, 0)

[node name="Skeleton3D" parent="Character/Root" index="0"]
bones/18/position = Vector3(0.0363367, 1.50556, -0.00771488)
bones/18/rotation = Quaternion(-0.0246634, 0.0317256, 0.995856, 0.0815866)
bones/20/rotation = Quaternion(-0.0936709, -0.0131257, 0.0845913, 0.991916)
bones/23/rotation = Quaternion(0.149353, -0.00235839, -0.00857165, 0.988744)
bones/24/rotation = Quaternion(-0.161796, -0.0103117, 0.00556801, 0.986755)
bones/26/rotation = Quaternion(0.54876, 0.396383, 0.607524, -0.41552)
bones/27/rotation = Quaternion(-0.360041, 0.643253, -0.27316, 0.618045)
bones/28/rotation = Quaternion(0.184789, -0.0228896, 0.00306681, 0.982507)
bones/29/rotation = Quaternion(0.0800896, 0.799061, 0.0506777, 0.593734)
bones/30/rotation = Quaternion(0.0931404, -0.0806954, 0.00111374, 0.992377)
bones/31/rotation = Quaternion(0.111728, 0.0667176, -0.0143034, 0.991394)
bones/32/rotation = Quaternion(0.166388, -0.030613, -0.0114462, 0.985519)
bones/34/rotation = Quaternion(-0.0731554, 0.801195, 0.179718, 0.566071)
bones/35/rotation = Quaternion(0.267825, -0.00704835, 0.032562, 0.962891)
bones/37/rotation = Quaternion(0.73977, -0.426749, 0.460156, 0.242657)
bones/38/rotation = Quaternion(0.0426458, 0.933841, 0.324734, -0.143771)
bones/39/rotation = Quaternion(-0.0198033, 0.0405247, 0.235897, 0.970731)
bones/40/rotation = Quaternion(-0.00957877, -0.139485, 0.0483606, 0.988996)
bones/41/rotation = Quaternion(-0.189665, -0.0798505, -0.0328454, 0.978045)
bones/42/rotation = Quaternion(-0.0898098, 0.0668675, -0.0101721, 0.99366)
bones/43/rotation = Quaternion(-0.162652, -0.0296232, -0.0207614, 0.98602)
bones/45/rotation = Quaternion(-0.0970838, 0.904358, -0.180785, -0.374203)
bones/46/rotation = Quaternion(-0.358434, -0.0196641, 0.172021, 0.917359)
bones/48/rotation = Quaternion(0.96937, 0.144979, 0.107492, 0.166577)
bones/48/scale = Vector3(1.00004, 1, 0.999999)
bones/49/rotation = Quaternion(0.411311, -0.0370089, 0.150937, 0.898149)
bones/50/rotation = Quaternion(-0.61222, -0.198948, -0.178337, 0.744179)
bones/50/scale = Vector3(1.00002, 0.999986, 0.999995)
bones/53/rotation = Quaternion(0.983936, 0.057931, -0.140422, 0.093788)
bones/53/scale = Vector3(1.00002, 1, 1)
bones/54/rotation = Quaternion(0.254734, 0.058945, -0.121692, 0.957511)
bones/55/rotation = Quaternion(-0.563585, 0.201246, 0.179984, 0.78069)

[node name="Physical Bone RightHeelRoll" parent="Character/Root/Skeleton3D" index="1"]
transform = Transform3D(0.00447271, 1.00012, 0.0938932, 1.00006, -0.00458759, 0.000487428, 0.000923698, 0.0941382, -1, -0.169792, 0.756569, -0.0327551)
joint_offset = Transform3D(1, 0, 0, 0, 1, 0, 0, 0, 1, -8.27364e-05, -9.99871e-05, 0.0771867)
body_offset = Transform3D(0.0269644, -0.999819, -0.093353, 6.39458e-06, 0.0936349, -1.00005, 0.999708, 0.0269392, 0.00250805, 0.00710787, 0.0771997, -0.000108182)

[node name="Physical Bone Hips" parent="Character/Root/Skeleton3D" index="2"]
transform = Transform3D(0.983598, -0.00878424, -0.177536, -0.176047, 0.0930894, -0.979417, 0.0251471, 0.995631, 0.0900438, 0.0115112, 1.41978, -0.0185389)
joint_offset = Transform3D(1, 0, 0, 0, 1, 0, 0, 0, 1, 0.0115301, 0.0134927, 0.073426)
body_offset = Transform3D(0.999033, 0.0305196, -0.0095592, -0.0105825, 0.0314042, -0.998893, -0.0301774, 0.999053, 0.0317278, -0.0112288, 0.073043, -0.0154616)

[node name="Physical Bone Chest" parent="Character/Root/Skeleton3D" index="3"]
transform = Transform3D(1.00006, -0.011839, -0.0104112, -0.00655366, 0.288545, -0.957506, 0.014337, 0.957496, 0.288421, 0.0287023, 1.78308, -0.107067)
joint_offset = Transform3D(1, 0, 0, 0, 1, 0, 0, 0, 1, 0.0106786, 0.0201511, 0.150887)
body_offset = Transform3D(0.999303, 0.041844, -0.00144656, -0.00395446, 0.0599405, -0.998251, -0.0416882, 0.997423, 0.0600534, -0.0112961, 0.149457, -0.0287153)

[node name="Physical Bone Neck" parent="Character/Root/Skeleton3D" index="4"]
transform = Transform3D(0.99978, 0.0235246, -0.0029497, 0.00323159, -0.258591, -0.966105, -0.0234884, 0.965786, -0.258602, 0.0289094, 1.9865, -0.123493)
joint_offset = Transform3D(1, 0, 0, 0, 1, 0, 0, 0, 1, 0.00878217, 0.040741, 0.0506219)
body_offset = Transform3D(0.996615, 0.0825543, -0.00809141, -0.000171169, -0.0955398, -0.995548, -0.0829493, 0.99208, -0.0951982, -0.0117062, 0.0542904, -0.0348707)

[node name="Physical Bone Head" parent="Character/Root/Skeleton3D" index="5"]
transform = Transform3D(0.999933, -0.00870295, 0.0157274, 0.0167647, 0.136571, -0.991342, 0.00648266, 0.990774, 0.136785, 0.0254313, 2.30261, -0.139426)
joint_offset = Transform3D(1, 0, 0, 0, 1, 0, 0, 0, 1, 0.00956218, 0.0316512, 0.245032)
body_offset = Transform3D(0.997332, 0.0697159, 0.0257246, 0.0273218, -0.0222515, -1.00024, -0.0690847, 0.997499, -0.0241122, -0.0180466, 0.245533, -0.0250032)

[node name="Physical Bone LeftArm" parent="Character/Root/Skeleton3D" index="6"]
transform = Transform3D(-0.92828, -0.128798, -0.349373, -0.349369, -0.0230483, 0.936901, -0.128451, 0.994471, -0.0236158, 0.24011, 1.76755, -0.100392)
joint_offset = Transform3D(1, 0, 0, 0, 1, 0, 0, 0, 1, -0.0157414, 0.0538956, 0.130876)
body_offset = Transform3D(0.996277, 0.070338, 0.0525331, 0.0560569, -0.0496579, -0.997396, -0.0674647, 0.99934, -0.0533398, 0.00501657, 0.134094, -0.0479412)

[node name="Physical Bone LeftForeArm" parent="Character/Root/Skeleton3D" index="7"]
transform = Transform3D(-0.934343, -0.208303, -0.28935, -0.348118, 0.357718, 0.866587, -0.0770002, 0.910382, -0.406724, 0.319399, 1.54237, -0.0437645)
joint_offset = Transform3D(1, 0, 0, 0, 1, 0, 0, 0, 1, -0.000518989, 0.0445678, 0.128922)
body_offset = Transform3D(0.996687, 0.0791763, 0.021414, 0.0275934, -0.0777356, -0.996652, -0.0772417, 0.993899, -0.0796653, -0.00577217, 0.131969, -0.0340654)

[node name="Physical Bone LeftHand" parent="Character/Root/Skeleton3D" index="8"]
transform = Transform3D(0.536383, -0.829001, -0.171406, -0.400972, -0.423805, 0.816025, -0.753262, -0.365178, -0.558709, 0.36437, 1.40086, 0.029554)
joint_offset = Transform3D(1, 0, 0, 0, 1, 0, 0, 0, 1, -0.0237461, 0.000176314, 0.0274411)
body_offset = Transform3D(0.999424, 0.106892, 0.0756421, 0.0720907, 0.0236983, -1.00073, -0.108835, 0.994093, 0.0160133, 0.0216379, 0.0291687, -0.0031991)

[node name="LeftBoosterParticles" parent="Character/Root/Skeleton3D/Physical Bone LeftHand" index="1" instance=ExtResource("5_6hdmk")]
transform = Transform3D(0.00545359, 0.0794251, -0.989491, -0.067651, -0.994436, -0.0798791, -0.994374, 0.0678539, 0.000108099, 0.0154446, 0.0534194, -0.122699)
visible = false
lifetime = 0.45

[node name="Physical Bone RightArm" parent="Character/Root/Skeleton3D" index="9"]
transform = Transform3D(-0.243182, -0.887103, 0.392628, 0.0223606, 0.399552, 0.916507, -0.96988, 0.231648, -0.0773156, -0.170829, 1.74482, -0.0919336)
joint_offset = Transform3D(1, 0, 0, 0, 1, 0, 0, 0, 1, -0.0317694, 0.0072884, 0.132448)
body_offset = Transform3D(0.969264, -0.217864, 0.115621, 0.100882, -0.0776728, -0.991923, 0.225067, 0.973015, -0.0533135, 0.0170671, 0.135149, 0.00711977)

[node name="Physical Bone RightForeArm" parent="Character/Root/Skeleton3D" index="10"]
transform = Transform3D(-0.31777, -0.924166, 0.212221, -0.455439, 0.345058, 0.820678, -0.831682, 0.16415, -0.530523, -0.245038, 1.52873, -0.012805)
joint_offset = Transform3D(1, 0, 0, 0, 1, 0, 0, 0, 1, -0.0139175, -0.0125461, 0.142487)
body_offset = Transform3D(0.966776, -0.227312, 0.117368, 0.129941, 0.0412062, -0.990667, 0.220355, 0.972997, 0.0693414, -0.00612032, 0.143483, 0.00539386)

[node name="Physical Bone RightHand" parent="Character/Root/Skeleton3D" index="11"]
transform = Transform3D(-0.623062, -0.776181, 0.0987042, -0.396839, 0.422248, 0.815226, -0.674422, 0.468739, -0.57087, -0.276388, 1.39215, 0.0769486)
joint_offset = Transform3D(1, 0, 0, 0, 1, 0, 0, 0, 1, 0.0172254, -0.00921027, 0.0491492)
body_offset = Transform3D(0.952056, -0.286127, 0.11085, 0.140368, 0.0846838, -0.986589, 0.2728, 0.954687, 0.120764, -0.0244831, 0.0468521, -0.0018416)

[node name="RightBoosterParticles" parent="Character/Root/Skeleton3D/Physical Bone RightHand" index="1" instance=ExtResource("5_6hdmk")]
transform = Transform3D(0.00546141, -0.0800063, -0.996769, -0.0678781, 0.994466, -0.0801928, 0.997656, 0.068096, 9.94337e-08, 0.0251486, -0.0659343, -0.118505)
visible = false

[node name="Physical Bone LeftUpLeg" parent="Character/Root/Skeleton3D" index="12"]
transform = Transform3D(0.97018, 0.218815, -0.104496, 0.189801, -0.416949, 0.888876, 0.150935, -0.882148, -0.446052, 0.113787, 1.23498, 0.0469413)
joint_offset = Transform3D(1, 0, 0, 0, 1, 0, 0, 0, 1, 0.017402, -0.0153628, 0.129001)
body_offset = Transform3D(0.998932, -0.0285313, -0.0359255, -0.0352683, 0.0234664, -0.999092, 0.0293577, 0.999274, 0.0224398, -0.0131873, 0.129858, 0.011946)

[node name="Physical Bone LeftLeg" parent="Character/Root/Skeleton3D" index="13"]
transform = Transform3D(0.976702, 0.202999, 0.0724775, -0.15429, 0.422582, 0.89212, 0.150725, -0.882109, 0.444061, 0.117676, 0.982242, 0.0388041)
joint_offset = Transform3D(1, 0, 0, 0, 1, 0, 0, 0, 1, 0.00574884, -0.00604967, 0.159822)
body_offset = Transform3D(0.999237, 0.0435119, 0.00543898, 0.00533477, 0.00149193, -0.999141, -0.0434679, 0.998, 0.00124824, -0.00635048, 0.159663, 0.00608796)

[node name="Physical Bone LeftFoot" parent="Character/Root/Skeleton3D" index="14"]
transform = Transform3D(0.924466, -0.117648, -0.362766, 0.128186, -0.800771, 0.586418, -0.359265, -0.588283, -0.724224, 0.134086, 0.802063, 0.025371)
joint_offset = Transform3D(1, 0, 0, 0, 1, 0, 0, 0, 1, 0.00293545, -0.0091126, 0.06785)
body_offset = Transform3D(0.999961, -0.00694485, -0.00844991, -0.0084058, 0.0104776, -0.999919, 0.00699686, 1.0005, 0.00954333, -0.0024253, 0.0679646, 0.00844908)

[node name="Physical Bone LeftToes" parent="Character/Root/Skeleton3D" index="15"]
transform = Transform3D(-0.931267, 0.0102556, -0.363624, 0.00107645, 0.990827, 0.0253584, 0.364417, 0.0230024, -0.926755, 0.180828, 0.756608, 0.129527)
joint_offset = Transform3D(1, 0, 0, 0, 1, 0, 0, 0, 1, -0.00143529, 0.00220658, 0.0429827)
body_offset = Transform3D(0.999937, -0.000938666, 0.0104234, 0.00955686, -0.0109132, -0.995747, 0.000970032, 0.991091, -0.0108595, 0.000989243, 0.0428377, -0.00171876)

[node name="Physical Bone RightUpLeg" parent="Character/Root/Skeleton3D" index="16"]
transform = Transform3D(0.955643, -0.293304, 0.0237657, -0.0936912, -0.22617, 0.969071, -0.279206, -0.927202, -0.243904, -0.0998371, 1.25981, 0.0154702)
joint_offset = Transform3D(1, 0, 0, 0, 1, 0, 0, 0, 1, 0.0079023, -0.0150878, 0.134024)
body_offset = Transform3D(0.999109, -0.0415044, -0.00513333, -0.00461015, 0.013195, -0.999478, 0.0414111, 0.997489, 0.0130103, -0.00783348, 0.13419, 0.0129789)

[node name="Physical Bone RightLeg" parent="Character/Root/Skeleton3D" index="17"]
transform = Transform3D(0.974812, -0.197289, -0.122695, 0.174277, 0.298937, 0.940482, -0.139908, -1.0008, 0.316832, -0.0844368, 0.989273, -0.000475478)
joint_offset = Transform3D(1, 0, 0, 0, 1, 0, 0, 0, 1, 0.00935411, -0.00775753, 0.157439)
body_offset = Transform3D(0.999388, -0.0360261, -0.0158245, -0.0158592, 0.0103856, -0.999842, 0.0338568, 1.0623, -0.00180537, -0.00713648, 0.157643, 0.00820833)

[node name="Physical Bone RightFoot" parent="Character/Root/Skeleton3D" index="18"]
transform = Transform3D(0.923464, 0.169562, 0.34471, -0.0768737, -0.797784, 0.598019, 0.376767, -0.578391, -0.723744, -0.0950117, 0.798104, 0.00679034)
joint_offset = Transform3D(1, 0, 0, 0, 1, 0, 0, 0, 1, 0.0105819, -0.00828779, 0.0761421)
body_offset = Transform3D(1.00031, 0.00134194, 0.00219765, 0.00253701, -0.000511587, -1.00012, -0.00135529, 0.999869, -0.000553936, -0.0107414, 0.0761204, 0.00834322)

[node name="Physical Bone RightToes" parent="Character/Root/Skeleton3D" index="19"]
transform = Transform3D(-0.939037, -0.00451439, 0.343815, 0.00982033, 0.999103, 0.0399275, -0.343702, 0.0408703, -0.938179, -0.13604, 0.753784, 0.110456)
joint_offset = Transform3D(1, 0, 0, 0, 1, 0, 0, 0, 1, -0.00846792, 0.00384699, 0.0467784)
body_offset = Transform3D(0.999994, -0.000117383, -0.00261611, -0.00262016, 0.000377323, -0.999982, 0.000119419, 0.999948, 0.000375248, 0.0085907, 0.0467539, -0.00386333)

[node name="BoosterParticles" parent="Character" instance=ExtResource("5_6hdmk")]
transform = Transform3D(1, 0, 0, 0, 1, 0, 0, 0, 1, -0.00870192, 0.793483, 0)
amount = 4
lifetime = 0.4
trail_enabled = true
process_material = SubResource("ParticleProcessMaterial_j0mko")
draw_pass_1 = SubResource("TorusMesh_v2xkg")

[node name="ExplosionParticles" parent="Character" instance=ExtResource("6_3p01v")]
transform = Transform3D(0.25, 0, 0, 0, 0.25, 0, 0, 0, 0.25, 0, 2.3354, 0)
amount = 30
visibility_aabb = AABB(-4, -0.408691, -4, 8, 8, 8)

[node name="SuccessParticles" parent="Character" instance=ExtResource("7_b8rrf")]
transform = Transform3D(1, 0, 0, 0, 1, 0, 0, 0, 1, 0, 1.31069, 0)

[connection signal="body_entered" from="." to="." method="_on_body_entered"]

[editable path="Character"]
