[gd_scene load_steps=15 format=3 uid="uid://5jj5eaf8fup4"]

[ext_resource type="Script" path="res://Player.gd" id="1_xx6mv"]
[ext_resource type="AudioStream" uid="uid://dv12ksxj60e1j" path="res://Audio/SFX - Death Explosion.ogg" id="2_7tqw6"]
[ext_resource type="AudioStream" uid="uid://dgee6mv2yaey8" path="res://Audio/SFX - Success.ogg" id="3_ysejb"]
[ext_resource type="AudioStream" uid="uid://dils7d3kbf01m" path="res://Audio/SFX - Main engine thrust.ogg" id="4_2s7fe"]
[ext_resource type="PackedScene" path="res://booster_particles.tscn" id="5_6hdmk"]
[ext_resource type="PackedScene" path="res://explosion_particles.tscn" id="6_3p01v"]
[ext_resource type="PackedScene" uid="uid://b0erdrxa44fd3" path="res://Character/character.tscn" id="6_fxap2"]
[ext_resource type="PackedScene" path="res://success_particles.tscn" id="7_b8rrf"]

[sub_resource type="CylinderShape3D" id="CylinderShape3D_3qxql"]
height = 1.93706
radius = 0.267493

[sub_resource type="Curve" id="Curve_8dtic"]
max_value = 2.0
_data = [Vector2(0, 0), 0.0, 2.8, 0, 0, Vector2(1, 2), 0.0, 0.0, 0, 0]
point_count = 2

[sub_resource type="CurveTexture" id="CurveTexture_hjo6p"]
curve = SubResource("Curve_8dtic")

[sub_resource type="ParticleProcessMaterial" id="ParticleProcessMaterial_j0mko"]
scale_over_velocity_curve = SubResource("CurveTexture_hjo6p")

[sub_resource type="StandardMaterial3D" id="StandardMaterial3D_tdkdh"]
albedo_color = Color(0, 1, 1, 1)
emission_enabled = true
emission = Color(0, 0, 0.992157, 1)

[sub_resource type="TorusMesh" id="TorusMesh_v2xkg"]
material = SubResource("StandardMaterial3D_tdkdh")
inner_radius = 0.394
outer_radius = 0.292
rings = 16
ring_segments = 16

[node name="Player" type="RigidBody3D"]
transform = Transform3D(1, 0, 0, 0, 1, 0, 0, 0, 1, 0, 1, 0)
collision_layer = 2
collision_mask = 2
axis_lock_linear_z = true
max_contacts_reported = 10
contact_monitor = true
script = ExtResource("1_xx6mv")

[node name="CollisionShape3D" type="CollisionShape3D" parent="."]
transform = Transform3D(1, 0, 0, 0, 1, 0, 0, 0, 1, 0, -0.0966543, 0)
shape = SubResource("CylinderShape3D_3qxql")

[node name="ExplosionAudio" type="AudioStreamPlayer" parent="."]
stream = ExtResource("2_7tqw6")
pitch_scale = 0.46

[node name="SuccessAudio" type="AudioStreamPlayer" parent="."]
stream = ExtResource("3_ysejb")

[node name="AudioStreamPlayer" type="AudioStreamPlayer" parent="."]

[node name="RocketAudio" type="AudioStreamPlayer3D" parent="."]
stream = ExtResource("4_2s7fe")

[node name="Character" parent="." instance=ExtResource("6_fxap2")]
transform = Transform3D(1, 0, 0, 0, 1, 0, 0, 0, 1, 0, -1, 0)

[node name="Physical Bone LeftHeelRoll" parent="Character/Root/Skeleton3D" index="1"]
transform = Transform3D(0.00465751, -0.998756, -0.0940935, -1.00059, -0.00469842, 0.000481212, -0.000924735, 0.0939037, -1.00077, 0.169866, 0.006515, -0.0329545)
joint_offset = Transform3D(1, 0, 0, 0, 1, 0, 0, 0, 1, -0.000100108, 8.94151e-05, 0.076826)
body_offset = Transform3D(-0.0363849, 0.998155, 0.0935252, -6.26815e-06, 0.0934013, -1.00082, -0.999942, -0.036283, -0.00340242, -0.00727805, 0.0768806, 0.000164536)

[node name="Physical Bone LeftToeRoll" parent="Character/Root/Skeleton3D" index="2"]
transform = Transform3D(-0.978902, -0.114054, 0.169542, -0.00982807, -0.80168, -0.57932, 0.204095, -0.586773, 0.783604, 0.164196, 0.0515895, -0.0153283)
joint_offset = Transform3D(1, 0, 0, 0, 1, 0, 0, 0, 1, -5.07949e-07, 0.00115379, 0.0761013)
body_offset = Transform3D(-0.999948, 0.00811089, 0.00603612, 6.85453e-07, 0.5977, -0.801713, -0.00982833, -0.80168, -0.57932, -0.000469223, 0.0603218, 0.045012)

[node name="Physical Bone LeftFootIK" parent="Character/Root/Skeleton3D" index="3"]
transform = Transform3D(0.984984, 0.0326724, -0.169553, 0.129131, -0.791276, 0.597668, -0.114637, -0.610589, -0.78361, 0.164197, 0.0516009, -0.0153748)
joint_offset = Transform3D(1, 0, 0, 0, 1, 0, 0, 0, 1, 3.9226e-07, 1.70855e-05, 0.0753177)
body_offset = Transform3D(1, -1.72108e-06, 1.3411e-07, 2.23517e-08, -3.24845e-06, -1, 0, 1, 3.27826e-07, -4.02331e-07, 0.0753177, -1.71103e-05)

[node name="Physical Bone RightHeelRoll" parent="Character/Root/Skeleton3D" index="4"]
transform = Transform3D(0.00462179, 0.996802, 0.0938792, 1.00006, -0.00468684, 0.000483067, 0.000916858, 0.0937583, -0.999953, -0.169497, 0.00663367, -0.0330986)
joint_offset = Transform3D(1, 0, 0, 0, 1, 0, 0, 0, 1, -1.91001e-05, -1.29148e-05, 0.076735)
body_offset = Transform3D(0.0268158, -0.996502, -0.0933395, -8.40402e-07, 0.0932571, -1, 0.999712, 0.0267355, 0.0025031, 0.00715005, 0.0767363, -0.000172636)

[node name="Physical Bone RightToeRoll" parent="Character/Root/Skeleton3D" index="5"]
transform = Transform3D(-0.978904, 0.114054, -0.169554, 0.0104022, -0.820028, -0.616015, -0.204095, -0.586773, 0.783613, -0.163956, 0.0515894, -0.0153887)
joint_offset = Transform3D(1, 0, 0, 0, 1, 0, 0, 0, 1, 1.38609e-05, -0.00108047, 0.0745079)
body_offset = Transform3D(-0.999949, -0.00810967, -0.0060458, 0, 0.5977, -0.801724, 0.0104023, -0.820028, -0.616016, 0.000455558, 0.0603806, 0.0450119)

[node name="Physical Bone RightFootIK" parent="Character/Root/Skeleton3D" index="6"]
transform = Transform3D(0.984984, 0.0326736, 0.169553, -0.0764077, -0.798095, 0.59767, 0.15485, -0.601646, -0.783609, -0.163957, 0.0515896, -0.0153877)
joint_offset = Transform3D(1, 0, 0, 0, 1, 0, 0, 0, 1, 3.08623e-07, 4.46304e-07, 0.0753146)
body_offset = Transform3D(1, -7.45058e-09, -5.36442e-07, 1.2666e-07, 2.98023e-08, -1, 2.23517e-08, 1, -2.41399e-06, -2.68221e-07, 0.0753146, -2.64496e-07)

[node name="Physical Bone Hips" parent="Character/Root/Skeleton3D" index="7"]
transform = Transform3D(1, -3.49439e-10, -1.68873e-09, -1.35904e-09, -3.71753e-08, -1, 3.43238e-10, 1, -3.71752e-08, 0.000120642, 0.701596, 0.0156201)
joint_offset = Transform3D(1, 0, 0, 0, 1, 0, 0, 0, 1, -4.67481e-08, -1.82475e-08, 0.0804852)
body_offset = Transform3D(1, 1.4359e-11, -1.17377e-09, -1.17377e-09, -2.78513e-08, -1, 8.54375e-12, 1, -2.78513e-08, 4.68426e-08, 0.0804852, 2.04891e-08)

[node name="Physical Bone Chest" parent="Character/Root/Skeleton3D" index="8"]
transform = Transform3D(1, -9.6553e-10, -1.34235e-10, 2.87574e-10, 0.0982127, -0.995165, 9.10947e-10, 0.995165, 0.0982127, 0.000120599, 1.07817, -0.00936542)
joint_offset = Transform3D(1, 0, 0, 0, 1, 0, 0, 0, 1, -2.39331e-10, -0.00762821, 0.153619)
body_offset = Transform3D(1, -3.41537e-11, 4.06183e-11, 4.06179e-11, -1.49012e-08, -1, -2.66454e-15, 1, -1.49012e-08, 2.32831e-10, 0.153619, 0.00762821)

[node name="Physical Bone Neck" parent="Character/Root/Skeleton3D" index="9"]
transform = Transform3D(1, 5.63364e-10, -1.9593e-10, 2.21804e-10, -0.152784, -0.988284, -6.33128e-10, 0.988274, -0.152785, 0.000120645, 1.28057, -0.00624033)
joint_offset = Transform3D(1, 0, 0, 0, 1, 0, 0, 0, 1, -4.6875e-08, -1.80013e-07, 0.0695089)
body_offset = Transform3D(1, -1.70904e-11, -5.69031e-11, -5.98765e-11, -6.4075e-07, -1.00002, -2.44249e-15, 1.00001, -6.25849e-07, 4.6879e-08, 0.0695106, 2.23517e-07)

[node name="Physical Bone Head" parent="Character/Root/Skeleton3D" index="10"]
transform = Transform3D(1, -3.16982e-10, -1.56972e-10, 1.75412e-10, -0.00497501, -0.999987, 2.87112e-10, 0.999987, -0.00497505, 0.000120599, 1.60294, 0.00565247)
joint_offset = Transform3D(1, 0, 0, 0, 1, 0, 0, 0, 1, -3.99073e-11, -1.347e-05, 0.253698)
body_offset = Transform3D(1, 0, 1.39042e-11, 1.81761e-11, 9.31323e-10, -1, 0, 1, 9.31323e-10, 3.63798e-11, 0.253698, 1.34697e-05)

[node name="Physical Bone LeftArm" parent="Character/Root/Skeleton3D" index="11"]
transform = Transform3D(-0.0886362, 0.0260835, -0.995776, -0.996056, -0.00626921, 0.0884624, -0.00393197, 0.99964, 0.0265338, 0.285076, 1.16904, 0.00520858)
joint_offset = Transform3D(1, 0, 0, 0, 1, 0, 0, 0, 1, 1.07286e-05, 1.45396e-06, 0.117691)
body_offset = Transform3D(1, 4.65661e-10, -4.04985e-06, -4.79433e-05, 0, -1.00005, 1.9446e-06, 1, -3.63775e-06, -1.0252e-05, 0.117697, -1.02585e-06)

[node name="Physical Bone LeftForeArm" parent="Character/Root/Skeleton3D" index="12"]
transform = Transform3D(-0.077189, -0.0691754, -0.994607, -0.996591, -0.0235156, 0.0789814, -0.0288525, 0.997313, -0.0671299, 0.533355, 1.14818, 0.0109326)
joint_offset = Transform3D(1, 0, 0, 0, 1, 0, 0, 0, 1, -3.30048e-05, 9.83632e-07, 0.131805)
body_offset = Transform3D(0.999993, -4.26546e-07, -1.24215e-07, 2.49897e-06, 9.06736e-06, -0.999994, 3.48315e-07, 0.999986, 4.63426e-06, 3.3021e-05, 0.131804, -1.59442e-06)

[node name="Physical Bone LeftHand" parent="Character/Root/Skeleton3D" index="13"]
transform = Transform3D(0.00509747, -0.0678736, -1.00136, 0.0803271, -0.994535, 0.0681049, -1.00466, -0.080204, -0.000231874, 0.69904, 1.13546, 0.0197869)
joint_offset = Transform3D(1, 0, 0, 0, 1, 0, 0, 0, 1, -6.25911e-06, 1.19734e-05, 0.0345346)
body_offset = Transform3D(1.00788, -1.15484e-06, 0.000212228, -0.000383766, 5.79659e-06, -1.00367, 0.000345282, 1.00007, 0.00025741, -1.02073e-06, 0.0346614, -2.08616e-05)

[node name="LeftBoosterParticles" parent="Character/Root/Skeleton3D/Physical Bone LeftHand" index="1" instance=ExtResource("5_6hdmk")]
transform = Transform3D(0.00545359, 0.0794251, -0.989491, -0.067651, -0.994436, -0.0798791, -0.994374, 0.0678539, 0.000108099, 0.0154446, 0.0534194, -0.122699)
visible = false
lifetime = 0.45

[node name="Physical Bone RightArm" parent="Character/Root/Skeleton3D" index="14"]
transform = Transform3D(0.0341579, -0.0858031, 0.995727, -0.0857981, 0.992379, 0.0884539, -0.995727, -0.0884524, 0.0265359, -0.284832, 1.16887, 0.00522359)
joint_offset = Transform3D(1, 0, 0, 0, 1, 0, 0, 0, 1, -1.6142e-07, 0.000164524, 0.117709)
body_offset = Transform3D(1, -5.88596e-07, 2.32831e-07, 1.30385e-07, 4.85289e-06, -1, 0, 1, 8.82195e-07, 1.3411e-07, 0.117709, -0.000164628)

[node name="Physical Bone RightForeArm" parent="Character/Root/Skeleton3D" index="15"]
transform = Transform3D(-0.0604475, -0.0842113, 0.994613, -0.0842111, 0.993313, 0.0789829, -0.994613, -0.0789824, -0.0671348, -0.533113, 1.148, 0.010952)
joint_offset = Transform3D(1, 0, 0, 0, 1, 0, 0, 0, 1, -9.5159e-07, 0.000212415, 0.131819)
body_offset = Transform3D(1, -5.66244e-07, -1.49012e-08, -1.49012e-08, 7.45524e-07, -1, 0, 1, 1.21072e-07, 9.53674e-07, 0.131819, -0.000212431)

[node name="Physical Bone RightHand" parent="Character/Root/Skeleton3D" index="16"]
transform = Transform3D(0.00546109, -0.0678783, 0.997702, -0.0800074, 0.994465, 0.068099, -0.996789, -0.0801933, 5.09179e-07, -0.69879, 1.13549, 0.0197805)
joint_offset = Transform3D(1, 0, 0, 0, 1, 0, 0, 0, 1, 5.02499e-07, -5.21373e-05, 0.0346508)
body_offset = Transform3D(1.00001, -9.68575e-08, -7.40873e-07, -2.41541e-07, 8.4548e-06, -1.00002, 6.70552e-07, 1, 8.11755e-06, -4.76837e-07, 0.0346516, 5.1856e-05)

[node name="RightBoosterParticles" parent="Character/Root/Skeleton3D/Physical Bone RightHand" index="1" instance=ExtResource("5_6hdmk")]
transform = Transform3D(0.00546141, -0.0800063, -0.996769, -0.0678781, 0.994466, -0.0801928, 0.997656, 0.068096, 9.94337e-08, 0.0251486, -0.0659343, -0.118505)
visible = false

[node name="Physical Bone LeftUpLeg" parent="Character/Root/Skeleton3D" index="17"]
transform = Transform3D(0.989475, -0.044431, -0.137678, 0.139165, 0.0321763, 0.989747, -0.0395439, -0.998475, 0.0380209, 0.11773, 0.52014, 0.0106185)
joint_offset = Transform3D(1, 0, 0, 0, 1, 0, 0, 0, 1, 0.00125372, -5.62119e-05, 0.131377)
body_offset = Transform3D(0.999991, -7.41333e-07, 3.65544e-08, -5.7104e-06, -6.59376e-07, -1, -1.25915e-06, 0.99998, 3.72529e-09, -0.00125371, 0.131377, 5.62118e-05)

[node name="Physical Bone LeftLeg" parent="Character/Root/Skeleton3D" index="18"]
transform = Transform3D(0.999087, -0.000403266, -0.0470478, 0.0454981, 0.263153, 0.963691, 0.0119916, -0.964755, 0.262885, 0.144267, 0.243278, -0.0343901)
joint_offset = Transform3D(1, 0, 0, 0, 1, 0, 0, 0, 1, -1.63707e-07, 3.61067e-06, 0.152199)
body_offset = Transform3D(1.00019, 4.71249e-07, -1.56765e-06, 5.40307e-06, 5.36442e-07, -1.00001, -2.70084e-08, 1, -2.08616e-06, 4.02331e-07, 0.152201, -3.29316e-06)

[node name="Physical Bone LeftFoot" parent="Character/Root/Skeleton3D" index="19"]
transform = Transform3D(0.984984, 0.0330193, -0.169552, 0.129133, -0.79228, 0.597669, -0.114633, -0.610166, -0.78361, 0.164197, 0.0515877, -0.0153911)
joint_offset = Transform3D(1, 0, 0, 0, 1, 0, 0, 0, 1, 4.67496e-07, -3.19693e-06, 0.0753125)
body_offset = Transform3D(1, 0.000159614, -6.70552e-08, -1.49012e-08, 0.000987798, -1, 7.45058e-09, 1.00055, 4.76837e-07, -4.61936e-07, 0.0753125, 3.16277e-06)

[node name="Physical Bone LeftToes" parent="Character/Root/Skeleton3D" index="20"]
transform = Transform3D(-0.992803, 0.00478596, -0.11966, 4.61932e-05, 0.999179, 0.039572, 0.119755, 0.0392832, -0.992022, 0.183343, 0.00448863, 0.096512)
joint_offset = Transform3D(1, 0, 0, 0, 1, 0, 0, 0, 1, -2.97984e-06, -2.09022e-05, 0.0533082)
body_offset = Transform3D(0.999995, -7.02217e-07, 1.11014e-06, 1.40816e-06, 4.13507e-07, -0.999995, 9.50415e-07, 0.999962, -2.38046e-06, 2.92063e-06, 0.053308, 2.10283e-05)

[node name="Physical Bone RightUpLeg" parent="Character/Root/Skeleton3D" index="21"]
transform = Transform3D(0.989488, -0.0444442, 0.137679, -0.135718, 0.044521, 0.989747, -0.0501198, -0.998031, 0.0380204, -0.118754, 0.520141, 0.0106188)
joint_offset = Transform3D(1, 0, 0, 0, 1, 0, 0, 0, 1, -1.51195e-06, 2.85867e-07, 0.13155)
body_offset = Transform3D(0.999992, 1.49012e-07, 5.26197e-08, 5.3551e-07, 1.11759e-07, -1, 1.64285e-06, 1.00001, 7.45058e-09, 1.50502e-06, 0.13155, -2.86847e-07)

[node name="Physical Bone RightLeg" parent="Character/Root/Skeleton3D" index="22"]
transform = Transform3D(0.999072, -0.000968822, 0.0470451, -0.0452895, 0.267045, 0.963711, -0.0127827, -1.01105, 0.262887, -0.14403, 0.243267, -0.0343958)
joint_offset = Transform3D(1, 0, 0, 0, 1, 0, 0, 0, 1, 4.07587e-06, 6.0779e-07, 0.15221)
body_offset = Transform3D(1.00016, -0.000138786, -1.71969e-06, 1.35042e-08, 0.00848195, -1.00003, 1.67638e-08, 1.04568, 3.27826e-07, -3.8147e-06, 0.152214, -6.85453e-07)

[node name="Physical Bone RightFoot" parent="Character/Root/Skeleton3D" index="23"]
transform = Transform3D(0.985073, 0.0326737, 0.169568, -0.0764831, -0.798094, 0.597757, 0.154943, -0.601648, -0.783695, -0.16594, 0.0495024, -0.0144609)
joint_offset = Transform3D(1, 0, 0, 0, 1, 0, 0, 0, 1, 0.00165157, -0.0010419, 0.0776149)
body_offset = Transform3D(1.0001, -5.21541e-08, -3.97116e-06, 0.000109404, 2.98023e-07, -1.00012, 4.24683e-07, 1, -1.86265e-05, -0.00165142, 0.0776241, 0.00104334)

[node name="Physical Bone RightToes" parent="Character/Root/Skeleton3D" index="24"]
transform = Transform3D(-0.992821, 0.00478714, 0.119658, 0.009592, 0.999171, 0.0395745, -0.119365, 0.0404383, -0.992028, -0.183103, 0.00444567, 0.0965116)
joint_offset = Transform3D(1, 0, 0, 0, 1, 0, 0, 0, 1, 1.92304e-06, 2.19833e-05, 0.0533089)
body_offset = Transform3D(1, 2.84053e-08, -1.49012e-08, 5.88596e-07, 1.11759e-07, -1, 0, 1, -2.86847e-07, -1.92225e-06, 0.0533089, -2.1968e-05)

[node name="BoosterParticles" parent="Character" instance=ExtResource("5_6hdmk")]
transform = Transform3D(1, 0, 0, 0, 1, 0, 0, 0, 1, -0.00870192, 0.0160496, 0)
amount = 4
lifetime = 0.4
trail_enabled = true
process_material = SubResource("ParticleProcessMaterial_j0mko")
draw_pass_1 = SubResource("TorusMesh_v2xkg")

[node name="ExplosionParticles" parent="Character" instance=ExtResource("6_3p01v")]
transform = Transform3D(1, 0, 0, 0, 1, 0, 0, 0, 1, 0, 1.09287, 0)
visibility_aabb = AABB(-4, -0.408691, -4, 8, 8, 8)

[node name="SuccessParticles" parent="Character" instance=ExtResource("7_b8rrf")]
transform = Transform3D(1, 0, 0, 0, 1, 0, 0, 0, 1, 0, 0.646847, 0)

[connection signal="body_entered" from="." to="." method="_on_body_entered"]

[editable path="Character"]
