[gd_scene load_steps=15 format=3 uid="uid://5jj5eaf8fup4"]

[ext_resource type="Script" path="res://Player.gd" id="1_xx6mv"]
[ext_resource type="AudioStream" uid="uid://dv12ksxj60e1j" path="res://Audio/SFX - Death Explosion.ogg" id="2_7tqw6"]
[ext_resource type="AudioStream" uid="uid://dgee6mv2yaey8" path="res://Audio/SFX - Success.ogg" id="3_ysejb"]
[ext_resource type="AudioStream" uid="uid://bjpi7bdng5bo2" path="res://Audio/SFX - Resonance2.mp3" id="4_8q4ro"]
[ext_resource type="PackedScene" uid="uid://ux6ivcx1ovdp" path="res://booster_particles.tscn" id="5_6hdmk"]
[ext_resource type="PackedScene" uid="uid://dcecb8hw7dbrv" path="res://explosion_particles.tscn" id="6_3p01v"]
[ext_resource type="PackedScene" uid="uid://b0erdrxa44fd3" path="res://Character/character.tscn" id="6_fxap2"]
[ext_resource type="PackedScene" uid="uid://jfwajmrh6ca7" path="res://success_particles.tscn" id="7_b8rrf"]

[sub_resource type="CylinderShape3D" id="CylinderShape3D_3qxql"]
height = 2.04312
radius = 0.267493

[sub_resource type="Curve" id="Curve_8dtic"]
max_value = 2.0
_data = [Vector2(0, 0), 0.0, 2.8, 0, 0, Vector2(1, 2), 0.0, 0.0, 0, 0]
point_count = 2

[sub_resource type="CurveTexture" id="CurveTexture_hjo6p"]
curve = SubResource("Curve_8dtic")

[sub_resource type="ParticleProcessMaterial" id="ParticleProcessMaterial_j0mko"]
scale_over_velocity_curve = SubResource("CurveTexture_hjo6p")

[sub_resource type="StandardMaterial3D" id="StandardMaterial3D_tdkdh"]
albedo_color = Color(0, 1, 1, 1)
emission_enabled = true
emission = Color(0, 0, 0.992157, 1)

[sub_resource type="TorusMesh" id="TorusMesh_v2xkg"]
material = SubResource("StandardMaterial3D_tdkdh")
inner_radius = 0.394
outer_radius = 0.292
rings = 16
ring_segments = 16

[node name="Player" type="RigidBody3D"]
transform = Transform3D(1, 0, 0, 0, 1, 0, 0, 0, 1, 0, 1, 0)
collision_layer = 2
collision_mask = 2
axis_lock_linear_z = true
max_contacts_reported = 10
contact_monitor = true
script = ExtResource("1_xx6mv")

[node name="CollisionShape3D" type="CollisionShape3D" parent="."]
transform = Transform3D(1, 0, 0, 0, 0.840426, 0, 0, 0, 1, 0.0266844, 0.672478, 0)
shape = SubResource("CylinderShape3D_3qxql")

[node name="ExplosionAudio" type="AudioStreamPlayer" parent="."]
stream = ExtResource("2_7tqw6")
pitch_scale = 0.48

[node name="SuccessAudio" type="AudioStreamPlayer" parent="."]
stream = ExtResource("3_ysejb")
volume_db = -17.114

[node name="AudioStreamPlayer" type="AudioStreamPlayer" parent="."]

[node name="RocketAudio" type="AudioStreamPlayer3D" parent="."]
stream = ExtResource("4_8q4ro")
pitch_scale = 1.28
autoplay = true

[node name="Character" parent="." instance=ExtResource("6_fxap2")]
transform = Transform3D(1, 0, 0, 0, 1, 0, 0, 0, 1, 0, -1, 0)

[node name="Physical Bone RightHeelRoll" parent="Character/Root/Skeleton3D" index="1"]
transform = Transform3D(0.00454504, 0.998745, 0.0938858, 1.00006, -0.00465947, 0.000487546, 0.000917269, 0.0939153, -1, -0.169797, 0.756573, -0.0327595)
joint_offset = Transform3D(1, 0, 0, 0, 1, 0, 0, 0, 1, -8.63109e-05, -9.45058e-05, 0.0771829)
body_offset = Transform3D(0.0268925, -0.998443, -0.0933461, -4.53729e-07, 0.0934132, -1.00005, 0.99971, 0.0268242, 0.00250763, 0.00711268, 0.0771954, -0.000104725)

[node name="Physical Bone Hips" parent="Character/Root/Skeleton3D" index="2"]
transform = Transform3D(0.984072, -0.00871442, -0.177724, -0.176161, 0.0930921, -0.979976, 0.0250835, 0.995649, 0.0900719, 0.0115076, 1.41974, -0.0185705)
joint_offset = Transform3D(1, 0, 0, 0, 1, 0, 0, 0, 1, 0.0115272, 0.0135291, 0.0733481)
body_offset = Transform3D(0.999517, 0.0305203, -0.00965689, -0.0106147, 0.0314054, -0.999476, -0.0302008, 0.99907, 0.0317139, -0.0112262, 0.0730071, -0.0154946)

[node name="Physical Bone Chest" parent="Character/Root/Skeleton3D" index="3"]
transform = Transform3D(1.00004, -0.0115125, -0.0102622, -0.00650307, 0.288653, -0.957483, 0.0139856, 0.95746, 0.288538, 0.0286541, 1.7831, -0.107107)
joint_offset = Transform3D(1, 0, 0, 0, 1, 0, 0, 0, 1, 0.0106778, 0.0201498, 0.150917)
body_offset = Transform3D(0.999287, 0.0418447, -0.00144665, -0.00395502, 0.0599393, -0.998261, -0.041685, 0.997416, 0.0600514, -0.0112951, 0.149489, -0.0287154)

[node name="Physical Bone Neck" parent="Character/Root/Skeleton3D" index="4"]
transform = Transform3D(0.999777, 0.0238877, -0.00283926, 0.00342923, -0.258447, -0.9661, -0.023809, 0.965803, -0.258456, 0.0288355, 1.98648, -0.123557)
joint_offset = Transform3D(1, 0, 0, 0, 1, 0, 0, 0, 1, 0.00878241, 0.0407462, 0.0506202)
body_offset = Transform3D(0.996621, 0.0825536, -0.00809159, -0.000170665, -0.0955388, -0.995504, -0.0829476, 0.992069, -0.0951964, -0.0117069, 0.054287, -0.0348757)

[node name="Physical Bone Head" parent="Character/Root/Skeleton3D" index="5"]
transform = Transform3D(0.999923, -0.00835654, 0.0158507, 0.0168397, 0.136711, -0.991304, 0.00611743, 0.990732, 0.136911, 0.0253163, 2.30258, -0.139526)
joint_offset = Transform3D(1, 0, 0, 0, 1, 0, 0, 0, 1, 0.00956294, 0.0316532, 0.245026)
body_offset = Transform3D(0.99732, 0.0697108, 0.0257242, 0.0273214, -0.0222414, -1.00022, -0.0690838, 0.997475, -0.0241128, -0.018047, 0.245522, -0.0250044)

[node name="Physical Bone LeftArm" parent="Character/Root/Skeleton3D" index="6"]
transform = Transform3D(-0.928132, -0.128205, -0.349704, -0.349656, -0.0230232, 0.936725, -0.128124, 0.991542, -0.0234706, 0.240117, 1.76761, -0.100527)
joint_offset = Transform3D(1, 0, 0, 0, 1, 0, 0, 0, 1, -0.0157495, 0.0540571, 0.130877)
body_offset = Transform3D(0.996199, 0.0702547, 0.0525408, 0.0560409, -0.0495789, -0.997343, -0.0674546, 0.996357, -0.0533376, 0.00501549, 0.134092, -0.0479419)

[node name="Physical Bone LeftForeArm" parent="Character/Root/Skeleton3D" index="7"]
transform = Transform3D(-0.934235, -0.208109, -0.289796, -0.348441, 0.357598, 0.86649, -0.0766901, 0.910435, -0.406585, 0.319495, 1.54241, -0.0439352)
joint_offset = Transform3D(1, 0, 0, 0, 1, 0, 0, 0, 1, -0.000539935, 0.0445801, 0.12895)
body_offset = Transform3D(0.996675, 0.0791751, 0.0214143, 0.027592, -0.0777342, -0.996641, -0.0772418, 0.993864, -0.0796627, -0.00575286, 0.131997, -0.0340758)

[node name="Physical Bone LeftHand" parent="Character/Root/Skeleton3D" index="8"]
transform = Transform3D(0.536262, -0.82897, -0.171889, -0.400741, -0.424079, 0.815983, -0.753461, -0.364906, -0.558606, 0.364546, 1.40095, 0.0293632)
joint_offset = Transform3D(1, 0, 0, 0, 1, 0, 0, 0, 1, -0.0237442, 0.000170918, 0.0274428)
body_offset = Transform3D(0.999416, 0.10689, 0.0756408, 0.0720894, 0.0236974, -1.00072, -0.108836, 0.994084, 0.0160122, 0.0216363, 0.0291702, -0.00319356)

[node name="LeftBoosterParticles" parent="Character/Root/Skeleton3D/Physical Bone LeftHand" index="1" instance=ExtResource("5_6hdmk")]
transform = Transform3D(0.00545359, 0.0794251, -0.989491, -0.067651, -0.994436, -0.0798791, -0.994374, 0.0678539, 0.000108099, 0.0154446, 0.0534194, -0.122699)
visible = false
lifetime = 0.45

[node name="Physical Bone RightArm" parent="Character/Root/Skeleton3D" index="9"]
transform = Transform3D(-0.243383, -0.887195, 0.392284, 0.0220045, 0.399299, 0.916617, -0.969827, 0.231709, -0.0776445, -0.170854, 1.74476, -0.0918816)
joint_offset = Transform3D(1, 0, 0, 0, 1, 0, 0, 0, 1, -0.0317792, 0.0072492, 0.132466)
body_offset = Transform3D(0.969254, -0.217859, 0.115615, 0.10088, -0.0776723, -0.991913, 0.225066, 0.97301, -0.0533142, 0.0170664, 0.135164, 0.0071612)

[node name="Physical Bone RightForeArm" parent="Character/Root/Skeleton3D" index="10"]
transform = Transform3D(-0.317771, -0.924249, 0.211816, -0.455784, 0.344773, 0.82066, -0.83148, 0.164236, -0.530797, -0.244926, 1.52866, -0.0126786)
joint_offset = Transform3D(1, 0, 0, 0, 1, 0, 0, 0, 1, -0.0139133, -0.0125502, 0.142478)
body_offset = Transform3D(0.966767, -0.22731, 0.117344, 0.129941, 0.0412056, -0.990714, 0.220352, 0.97299, 0.0693649, -0.00612086, 0.14348, 0.0053941)

[node name="Physical Bone RightHand" parent="Character/Root/Skeleton3D" index="11"]
transform = Transform3D(-0.623057, -0.776225, 0.0982895, -0.3973, 0.422135, 0.815055, -0.674146, 0.468747, -0.571179, -0.27621, 1.39211, 0.07712)
joint_offset = Transform3D(1, 0, 0, 0, 1, 0, 0, 0, 1, 0.0172284, -0.00921561, 0.0491366)
body_offset = Transform3D(0.95205, -0.286126, 0.110851, 0.140366, 0.0846789, -0.986585, 0.272798, 0.954677, 0.120763, -0.0244859, 0.0468395, -0.00183582)

[node name="RightBoosterParticles" parent="Character/Root/Skeleton3D/Physical Bone RightHand" index="1" instance=ExtResource("5_6hdmk")]
transform = Transform3D(0.00546141, -0.0800063, -0.996769, -0.0678781, 0.994466, -0.0801928, 0.997656, 0.068096, 9.94337e-08, 0.0251486, -0.0659343, -0.118505)
visible = false

[node name="Physical Bone LeftUpLeg" parent="Character/Root/Skeleton3D" index="12"]
transform = Transform3D(0.970163, 0.218891, -0.104501, 0.18984, -0.416954, 0.888873, 0.151001, -0.882147, -0.446064, 0.11379, 1.23499, 0.0469328)
joint_offset = Transform3D(1, 0, 0, 0, 1, 0, 0, 0, 1, 0.0174006, -0.0153626, 0.128999)
body_offset = Transform3D(0.998932, -0.0285351, -0.035925, -0.0352678, 0.0234684, -0.999096, 0.029356, 0.999292, 0.022439, -0.0131862, 0.129856, 0.0119463)

[node name="Physical Bone LeftLeg" parent="Character/Root/Skeleton3D" index="13"]
transform = Transform3D(0.976673, 0.20305, 0.0725111, -0.154336, 0.422572, 0.892119, 0.150758, -0.882102, 0.444065, 0.117666, 0.982243, 0.0385255)
joint_offset = Transform3D(1, 0, 0, 0, 1, 0, 0, 0, 1, 0.00579604, -0.00628743, 0.159946)
body_offset = Transform3D(0.999221, 0.0435122, 0.00544325, 0.00533431, 0.00149286, -0.999144, -0.0434688, 0.998, 0.00125009, -0.00638857, 0.159788, 0.00632685)

[node name="Physical Bone LeftFoot" parent="Character/Root/Skeleton3D" index="14"]
transform = Transform3D(0.924444, -0.117676, -0.362815, 0.12818, -0.800803, 0.586388, -0.359324, -0.588247, -0.724228, 0.134085, 0.802074, 0.0253451)
joint_offset = Transform3D(1, 0, 0, 0, 1, 0, 0, 0, 1, 0.00292507, -0.00912065, 0.0678339)
body_offset = Transform3D(0.999961, -0.00694548, -0.00845069, -0.00840664, 0.0104787, -0.999921, 0.00699796, 1.0005, 0.00954247, -0.00241506, 0.0679487, 0.00845748)

[node name="Physical Bone LeftToes" parent="Character/Root/Skeleton3D" index="15"]
transform = Transform3D(-0.931246, 0.0102472, -0.363654, 0.00108328, 0.994223, 0.0253312, 0.364468, 0.0230923, -0.927116, 0.18083, 0.756597, 0.129518)
joint_offset = Transform3D(1, 0, 0, 0, 1, 0, 0, 0, 1, -0.0014289, 0.00222263, 0.0429668)
body_offset = Transform3D(0.999936, -0.00089001, 0.0102656, 0.00955534, -0.0109141, -0.996095, 0.000970954, 0.994489, -0.0108574, 0.000989705, 0.042837, -0.00174248)

[node name="Physical Bone RightUpLeg" parent="Character/Root/Skeleton3D" index="16"]
transform = Transform3D(0.955629, -0.293371, 0.023654, -0.0936048, -0.226242, 0.969098, -0.279301, -0.927264, -0.243925, -0.0998218, 1.2598, 0.0154843)
joint_offset = Transform3D(1, 0, 0, 0, 1, 0, 0, 0, 1, 0.00790142, -0.0150835, 0.134032)
body_offset = Transform3D(0.999114, -0.0414792, -0.00512981, -0.00460987, 0.0132027, -0.999507, 0.0414142, 0.997583, 0.0130073, -0.00783251, 0.134202, 0.0129765)

[node name="Physical Bone RightLeg" parent="Character/Root/Skeleton3D" index="17"]
transform = Transform3D(0.974908, -0.197264, -0.122596, 0.174206, 0.299, 0.940531, -0.139913, -1.00079, 0.316888, -0.0844214, 0.989271, -0.000472087)
joint_offset = Transform3D(1, 0, 0, 0, 1, 0, 0, 0, 1, 0.00935242, -0.007756, 0.157437)
body_offset = Transform3D(0.999469, -0.0360245, -0.0158182, -0.0158704, 0.0103856, -0.999894, 0.0338572, 1.0623, -0.00180706, -0.00713649, 0.15765, 0.00820705)

[node name="Physical Bone RightFoot" parent="Character/Root/Skeleton3D" index="18"]
transform = Transform3D(0.92346, 0.16957, 0.344715, -0.0768752, -0.797788, 0.598017, 0.376774, -0.578391, -0.723734, -0.0950035, 0.798087, 0.00676231)
joint_offset = Transform3D(1, 0, 0, 0, 1, 0, 0, 0, 1, 0.0105821, -0.00832081, 0.0761333)
body_offset = Transform3D(1.00031, 0.00134408, 0.00219855, 0.00253791, -0.000512511, -1.00012, -0.00135435, 0.999873, -0.000558347, -0.0107416, 0.0761109, 0.0083766)

[node name="Physical Bone RightToes" parent="Character/Root/Skeleton3D" index="19"]
transform = Transform3D(-0.939038, -0.00451423, 0.343825, 0.00982102, 0.99912, 0.0399262, -0.343709, 0.0408715, -0.93818, -0.136041, 0.753788, 0.110454)
joint_offset = Transform3D(1, 0, 0, 0, 1, 0, 0, 0, 1, -0.0084677, 0.00384662, 0.0467779)
body_offset = Transform3D(0.999997, -0.000117815, -0.00261557, -0.00261852, 0.000379197, -0.999986, 0.000119738, 0.999964, 0.000375517, 0.00859047, 0.0467536, -0.00386304)

[node name="BoosterParticles" parent="Character" instance=ExtResource("5_6hdmk")]
transform = Transform3D(1, 0, 0, 0, 1, 0, 0, 0, 1, -0.00870192, 0.793483, 0)
amount = 4
lifetime = 0.4
trail_enabled = true
process_material = SubResource("ParticleProcessMaterial_j0mko")
draw_pass_1 = SubResource("TorusMesh_v2xkg")

[node name="ExplosionParticles" parent="Character" instance=ExtResource("6_3p01v")]
transform = Transform3D(0.25, 0, 0, 0, 0.25, 0, 0, 0, 0.25, 0, 2.3354, 0)
amount = 30
visibility_aabb = AABB(-4, -0.408691, -4, 8, 8, 8)

[node name="SuccessParticles" parent="Character" instance=ExtResource("7_b8rrf")]
transform = Transform3D(1, 0, 0, 0, 1, 0, 0, 0, 1, 0, 1.31069, 0)

[connection signal="body_entered" from="." to="." method="_on_body_entered"]

[editable path="Character"]
