[gd_scene load_steps=28 format=3 uid="uid://b0erdrxa44fd3"]

[ext_resource type="PackedScene" uid="uid://cxx0gsqevxm42" path="res://Imports/Character.glb" id="1_e8gs8"]
[ext_resource type="Texture2D" uid="uid://cu52oq6f212md" path="res://Imports/cyborgFemaleA.png" id="2_rlfx2"]
[ext_resource type="AnimationLibrary" uid="uid://bs8g4p4775brp" path="res://Imported.res" id="3_wcagd"]

[sub_resource type="StandardMaterial3D" id="StandardMaterial3D_xhytd"]
albedo_texture = ExtResource("2_rlfx2")

[sub_resource type="CapsuleShape3D" id="CapsuleShape3D_bnrpq"]
radius = 0.0154135
height = 0.154135

[sub_resource type="CapsuleShape3D" id="CapsuleShape3D_746dg"]
radius = 0.116894
height = 0.302954

[sub_resource type="CapsuleShape3D" id="CapsuleShape3D_apsmi"]
radius = 0.163526
height = 0.362348

[sub_resource type="CapsuleShape3D" id="CapsuleShape3D_g54rb"]
radius = 0.0139004
height = 0.139004

[sub_resource type="CapsuleShape3D" id="CapsuleShape3D_nd1k4"]
radius = 0.2277
height = 0.604421

[sub_resource type="CapsuleShape3D" id="CapsuleShape3D_jg715"]
radius = 0.0610818
height = 0.235388

[sub_resource type="CapsuleShape3D" id="CapsuleShape3D_lvycg"]
radius = 0.0495389
height = 0.263614

[sub_resource type="CapsuleShape3D" id="CapsuleShape3D_wjaja"]
radius = 0.0410045
height = 0.154256

[sub_resource type="CapsuleShape3D" id="CapsuleShape3D_cswt8"]
radius = 0.0615822
height = 0.235387

[sub_resource type="CapsuleShape3D" id="CapsuleShape3D_n2lr2"]
radius = 0.053599
height = 0.263614

[sub_resource type="CapsuleShape3D" id="CapsuleShape3D_p8n1m"]
radius = 0.0426532
height = 0.16526

[sub_resource type="CapsuleShape3D" id="CapsuleShape3D_qs2vu"]
radius = 0.0263087
height = 0.263087

[sub_resource type="CapsuleShape3D" id="CapsuleShape3D_tgwur"]
radius = 0.0304406
height = 0.304406

[sub_resource type="CapsuleShape3D" id="CapsuleShape3D_cutuy"]
radius = 0.0150627
height = 0.150627

[sub_resource type="CapsuleShape3D" id="CapsuleShape3D_ocjn3"]
radius = 0.0106618
height = 0.106618

[sub_resource type="CapsuleShape3D" id="CapsuleShape3D_fcyfs"]
radius = 0.0263087
height = 0.263087

[sub_resource type="CapsuleShape3D" id="CapsuleShape3D_tha7d"]
radius = 0.0304406
height = 0.304406

[sub_resource type="CapsuleShape3D" id="CapsuleShape3D_f0467"]
radius = 0.0150627
height = 0.150627

[sub_resource type="CapsuleShape3D" id="CapsuleShape3D_pwlnk"]
radius = 0.0106618
height = 0.106618

[sub_resource type="AnimationLibrary" id="AnimationLibrary_q004n"]

[sub_resource type="AnimationNodeAnimation" id="AnimationNodeAnimation_te2ly"]
animation = &"Imported/Flying"

[sub_resource type="AnimationNodeAnimation" id="AnimationNodeAnimation_6aovl"]
animation = &"Imported/Idle"

[sub_resource type="AnimationNodeStateMachine" id="AnimationNodeStateMachine_8ie4w"]
states/Imported_Flying/node = SubResource("AnimationNodeAnimation_te2ly")
states/Imported_Flying/position = Vector2(652, 95)
states/Imported_Idle/node = SubResource("AnimationNodeAnimation_6aovl")
states/Imported_Idle/position = Vector2(425, 100)

[node name="Character" instance=ExtResource("1_e8gs8")]

[node name="Skeleton3D" parent="Root" index="0"]
transform = Transform3D(1, 0, 0, 0, -4.37114e-08, 1, 0, -1, -4.37114e-08, 0.00188112, 0, 1.50405)
bones/0/rest = Transform3D(-4.76837e-07, -6.40372e-08, -1, -1.92112e-07, -1, 6.40373e-08, -1, 1.92112e-07, 5.36442e-07, 0.151475, 0.856475, -0.074525)
bones/0/position = Vector3(0.204, 9.578, -0.149)
bones/0/rotation = Quaternion(-0.707525, 0.000474975, 1.98248, 0.000474975)
bones/0/scale = Vector3(1, 1, 1)
bones/1/rotation = Quaternion(-0.507509, 0.508223, -0.491912, -0.492105)
bones/2/rotation = Quaternion(0.0157269, -0.00207817, 0.994625, -0.102321)
bones/2/scale = Vector3(1, 1, 1)
bones/3/position = Vector3(-0.001309, 0.872113, -0.166079)
bones/3/rotation = Quaternion(0.946129, -0.0218709, 0.0755026, -0.314104)
bones/3/scale = Vector3(1, 1, 1)
bones/5/position = Vector3(-0.0842914, -0.0200374, 0.0257828)
bones/5/rotation = Quaternion(-0.5, -0.5, 0.5, -0.5)
bones/5/scale = Vector3(1, 1, 1)
bones/7/rest = Transform3D(-7.15256e-07, 8.52651e-14, -1, -3.5393e-07, -1, 1.56319e-13, -1, 3.5393e-07, 5.96046e-07, -0.308979, -0.29335, 0.0129436)
bones/7/position = Vector3(-0.308979, -0.29335, 0.0129436)
bones/7/rotation = Quaternion(-0.707107, 1.25133e-07, 0.707107, -1.25133e-07)
bones/9/rest = Transform3D(-4.76837e-07, -6.40306e-08, -1, -1.92092e-07, -1, 6.40308e-08, -1, 1.92092e-07, 5.36442e-07, -0.151525, 0.846475, -0.074525)
bones/9/enabled = false
bones/9/position = Vector3(-0.207521, 0.193205, -0.14881)
bones/9/rotation = Quaternion(-0.707107, 9.0553e-08, 0.707107, -4.52765e-08)
bones/9/scale = Vector3(1, 1, 1)
bones/10/position = Vector3(0.035475, -0.735525, 0.011475)
bones/10/rotation = Quaternion(-0.50769, 0.507905, -0.491725, -0.492433)
bones/10/scale = Vector3(1, 1, 1)
bones/11/scale = Vector3(1.00001, 1, 1)
bones/12/rotation = Quaternion(0.948112, 0.0114449, -0.0440929, -0.314656)
bones/12/scale = Vector3(1, 1, 1)
bones/13/rotation = Quaternion(-2.98023e-08, 2.01166e-07, 3.7253e-09, 1)
bones/14/position = Vector3(0.000474975, -0.794525, 0.000474975)
bones/14/rotation = Quaternion(-0.5, -0.5, 0.5, -0.5)
bones/15/position = Vector3(0.000474975, 0.071475, 0.000474975)
bones/16/rest = Transform3D(-7.15256e-07, 1.27898e-13, -1, -3.5393e-07, -1, 1.13687e-13, -1, 3.5393e-07, 5.96046e-07, -0.308979, -0.29335, -0.0145991)
bones/16/position = Vector3(-0.308525, -0.698525, -0.014525)
bones/16/rotation = Quaternion(-0.707107, 1.25133e-07, 0.707107, -1.25133e-07)
bones/17/position = Vector3(0.000474975, 0.128475, 0.000474975)
bones/18/rest = Transform3D(-0.98547, -0.164062, -0.0439456, 0.160932, -0.984674, 0.0672126, -0.0542992, 0.0591638, 0.99677, 0.0363367, 1.50556, -0.00771488)
bones/18/position = Vector3(0.00132532, 1.45339, 0.0410756)
bones/18/rotation = Quaternion(0.0013184, -0.70639, 0.707818, -0.00228074)
bones/18/scale = Vector3(0.999999, 1, 1)
bones/19/rest = Transform3D(-0.999996, -0.00288614, 0.000186031, 0.00288614, -0.999996, -2.7192e-07, 0.000186031, 2.64992e-07, 1, 0.000232299, 0.160976, -2.65721e-08)
bones/19/position = Vector3(0.000232299, 0.160976, -2.65721e-08)
bones/19/rotation = Quaternion(9.30156e-05, -1.73214e-09, 0.999999, 0.00144307)
bones/19/scale = Vector3(1, 1, 1)
bones/20/rest = Transform3D(0.985344, -0.165356, -0.0418866, 0.170274, 0.96814, 0.183606, 0.0101917, -0.188048, 0.982107, 1.88949e-10, 0.160976, 4.48339e-09)
bones/20/position = Vector3(1.88949e-10, 0.160976, 4.48339e-09)
bones/20/rotation = Quaternion(-0.115362, 0.0201888, 0.00452275, 0.993108)
bones/20/scale = Vector3(1, 1, 1)
bones/21/rotation = Quaternion(0.0118946, 1.00854e-08, 1.10452e-08, 0.999929)
bones/22/rotation = Quaternion(0.0491658, 2.67474e-10, -6.23697e-11, 0.998791)
bones/23/rest = Transform3D(0.999842, 0.0162459, -0.0072241, -0.0176548, 0.95524, -0.295304, 0.00210327, 0.295385, 0.955376, 2.60934e-13, 0.135432, -1.26324e-09)
bones/23/position = Vector3(2.60934e-13, 0.135432, -1.26324e-09)
bones/23/rotation = Quaternion(-0.0938677, 0.00773948, -0.0254882, 0.995228)
bones/23/scale = Vector3(1, 1, 1)
bones/24/rest = Transform3D(0.999725, -0.00765177, -0.022152, 0.0143253, 0.947582, 0.319191, 0.0185485, -0.31942, 0.947432, 8.32299e-12, 0.139004, 3.7253e-08)
bones/24/position = Vector3(8.32299e-12, 0.139004, 3.7253e-08)
bones/24/rotation = Quaternion(-0.22483, -0.0390801, 0.0528703, 0.972178)
bones/24/scale = Vector3(1, 1, 1)
bones/26/rest = Transform3D(-0.0524105, 0.939915, 0.33736, -0.0698393, -0.340447, 0.937666, 0.99618, 0.0255825, 0.083486, 0.04414, 0.140541, 0.0324805)
bones/26/position = Vector3(0.04414, 0.140541, 0.0324805)
bones/26/rotation = Quaternion(0.604858, 0.405421, 0.549869, -0.409176)
bones/26/scale = Vector3(0.999999, 0.999999, 1)
bones/27/rest = Transform3D(0.0232182, -0.125545, 0.991816, -0.800846, 0.591507, 0.093621, -0.59842, -0.796466, -0.0868083, 9.31323e-10, 0.129401, 4.27972e-08)
bones/27/position = Vector3(9.31323e-10, 0.129401, 4.27972e-08)
bones/27/rotation = Quaternion(-0.133001, 0.685758, -0.222723, 0.68003)
bones/27/scale = Vector3(1, 1, 1)
bones/28/rest = Transform3D(0.998933, -0.0144858, -0.043845, -0.00243315, 0.931687, -0.363253, 0.0461118, 0.362972, 0.930658, 6.39448e-08, 0.235388, 0)
bones/28/position = Vector3(6.39448e-08, 0.235388, 0)
bones/28/rotation = Quaternion(0.0466373, 0.0125738, 0.000774375, 0.998833)
bones/28/scale = Vector3(1, 1, 1)
bones/29/rest = Transform3D(-0.282132, 0.0678149, 0.956976, 0.188171, 0.982035, -0.0141147, -0.940741, 0.176093, -0.289824, -2.30502e-07, 0.263614, -7.45058e-09)
bones/29/position = Vector3(-2.30502e-07, 0.263614, -7.45058e-09)
bones/29/rotation = Quaternion(-0.00883363, 0.687984, 0.0360256, 0.724777)
bones/29/scale = Vector3(1, 1, 1)
bones/30/rest = Transform3D(0.986974, -0.0172424, -0.159953, -0.0128215, 0.982647, -0.18504, 0.160368, 0.184681, 0.969626, 7.45058e-09, 0.0692998, 1.08732e-07)
bones/30/position = Vector3(7.45058e-09, 0.0692998, 1.08732e-07)
bones/30/rotation = Quaternion(0.677431, -0.0485867, -0.088235, 0.728657)
bones/30/scale = Vector3(1, 1, 1)
bones/31/rest = Transform3D(0.990688, 0.043269, 0.129091, -0.0134521, 0.974625, -0.223442, -0.135483, 0.219624, 0.966131, -3.91155e-08, 0.0564106, 0)
bones/31/position = Vector3(-3.91155e-08, 0.0564106, 0)
bones/31/rotation = Quaternion(0.85551, 0.03398, -0.10952, 0.504929)
bones/31/scale = Vector3(1, 1, 1)
bones/32/rest = Transform3D(0.997864, 0.0123736, -0.0641484, -0.0327481, 0.944368, -0.327256, 0.0565303, 0.328657, 0.942756, 1.86265e-09, 0.0510653, -1.27009e-07)
bones/32/position = Vector3(1.86265e-09, 0.0510653, -1.27009e-07)
bones/32/rotation = Quaternion(0.824107, -0.0201365, -0.0727487, 0.561382)
bones/32/scale = Vector3(1, 1, 1)
bones/33/rotation = Quaternion(8.49425e-07, -8.39704e-07, 2.65438e-08, 1)
bones/34/rest = Transform3D(-0.348424, -0.32069, 0.880772, 0.0862428, 0.9247, 0.370801, -0.933361, 0.205156, -0.29453, -0.0325742, 0.0254905, 0.00122288)
bones/34/position = Vector3(-0.0325742, 0.0254905, 0.00122288)
bones/34/rotation = Quaternion(-0.0225923, 0.801175, 0.278895, 0.528985)
bones/34/scale = Vector3(1, 1, 1)
bones/35/rest = Transform3D(0.99778, -0.0664827, 0.00386824, 0.0589318, 0.854419, -0.516232, 0.0310154, 0.515314, 0.85644, 5.7742e-08, 0.0529338, 0)
bones/35/position = Vector3(5.7742e-08, 0.0529338, 0)
bones/35/rotation = Quaternion(0.421406, -0.130606, 0.217361, 0.870697)
bones/35/scale = Vector3(1, 1, 1)
bones/36/rotation = Quaternion(6.83591e-07, -3.2559e-06, 1.79932e-06, 1)
bones/37/rest = Transform3D(0.212284, -0.854712, 0.473711, -0.408071, -0.518006, -0.751763, 0.887927, -0.0337208, -0.458748, -0.04414, 0.140541, 0.0324805)
bones/37/position = Vector3(-0.04414, 0.140541, 0.0324805)
bones/37/rotation = Quaternion(0.59713, -0.503509, 0.580299, 0.230579)
bones/37/scale = Vector3(1, 1, 1)
bones/38/rest = Transform3D(-0.955022, 0.173023, -0.240822, -0.0137261, 0.785458, 0.618763, 0.296216, 0.594238, -0.747755, 5.72763e-08, 0.129401, 2.66824e-07)
bones/38/position = Vector3(5.72763e-08, 0.129401, 2.66824e-07)
bones/38/rotation = Quaternion(0.0920357, 0.840907, 0.26804, -0.461042)
bones/38/scale = Vector3(1, 1, 1)
bones/39/rest = Transform3D(0.885421, -0.459589, 0.0693342, 0.456379, 0.887922, 0.0575668, -0.0880203, -0.0193282, 0.995931, -3.07336e-08, 0.235387, -2.44312e-07)
bones/39/position = Vector3(-3.07336e-08, 0.235387, -2.44312e-07)
bones/39/rotation = Quaternion(-0.00464417, -0.0047656, 0.0553401, 0.998445)
bones/39/scale = Vector3(1, 1, 1)
bones/40/rest = Transform3D(0.95641, -0.0929847, -0.276826, 0.098329, 0.995139, 0.00545558, 0.274974, -0.0324379, 0.960904, 3.72529e-09, 0.263614, -3.23635e-08)
bones/40/position = Vector3(3.72529e-09, 0.263614, -3.23635e-08)
bones/40/rotation = Quaternion(-0.0936286, -0.0706772, -0.00560383, 0.99308)
bones/40/scale = Vector3(1, 1, 0.999999)
bones/41/rest = Transform3D(0.98509, 0.0945385, -0.143736, -0.033959, 0.925897, 0.376247, 0.168654, -0.365756, 0.915302, 2.04891e-08, 0.0693, -5.87315e-07)
bones/41/position = Vector3(2.04891e-08, 0.0693, -5.87315e-07)
bones/41/rotation = Quaternion(-0.675322, -0.0749381, -0.103431, 0.726379)
bones/41/scale = Vector3(1, 1, 1)
bones/42/rest = Transform3D(0.990851, 0.00820471, 0.134714, -0.032226, 0.983661, 0.17712, -0.13106, -0.179841, 0.974926, 1.02445e-08, 0.0564108, 1.51456e-07)
bones/42/position = Vector3(1.02445e-08, 0.0564108, 1.51456e-07)
bones/42/rotation = Quaternion(-0.857014, 0.0339784, -0.0970709, 0.504926)
bones/42/scale = Vector3(1, 1, 1)
bones/43/rest = Transform3D(0.997383, 0.0505788, -0.0516645, -0.0313057, 0.946227, 0.321986, 0.065172, -0.319526, 0.945334, 9.31323e-09, 0.0510654, 3.08384e-07)
bones/43/position = Vector3(9.31323e-09, 0.0510654, 3.08384e-07)
bones/43/rotation = Quaternion(-0.818325, -0.0141311, -0.120997, 0.561697)
bones/43/scale = Vector3(1, 1, 1)
bones/45/rest = Transform3D(-0.701094, -0.310897, -0.641724, -0.040297, 0.915783, -0.399646, 0.711929, -0.25433, -0.654579, -0.0319597, 0.0254906, -0.0064154)
bones/45/position = Vector3(-0.0319597, 0.0254906, -0.0064154)
bones/45/rotation = Quaternion(-0.00790858, 0.870179, -0.30691, -0.3854)
bones/45/scale = Vector3(1, 1, 1)
bones/46/rest = Transform3D(0.940044, -0.301514, -0.159394, 0.329707, 0.683868, 0.65086, -0.0872384, -0.66439, 0.742277, 5.58794e-08, 0.0529338, 2.98023e-08)
bones/46/position = Vector3(5.58794e-08, 0.0529338, 2.98023e-08)
bones/46/rotation = Quaternion(-0.390253, -0.0913516, 0.30556, 0.863707)
bones/46/scale = Vector3(1, 1, 1)
bones/48/rest = Transform3D(0.934893, 0.245266, 0.2567, 0.316902, -0.902467, -0.291782, 0.160106, 0.354119, -0.921394, 0.100765, 0.0292317, 4.16401e-08)
bones/48/position = Vector3(0.100765, 0.0292317, 4.16401e-08)
bones/48/rotation = Quaternion(0.980011, 0.155538, 0.0826775, 0.0924731)
bones/48/scale = Vector3(1.00004, 1, 0.999999)
bones/49/rest = Transform3D(0.951697, -0.301572, 0.0576857, 0.240683, 0.616082, -0.75001, 0.190643, 0.727666, 0.658906, -6.31553e-09, 0.263087, -1.10595e-09)
bones/49/position = Vector3(-6.31553e-09, 0.263087, -1.10595e-09)
bones/49/rotation = Quaternion(0.297048, -0.0509893, 0.101924, 0.948037)
bones/49/scale = Vector3(1, 1, 1)
bones/50/rest = Transform3D(0.857247, 0.509022, -0.0777426, -0.0218301, 0.186763, 0.982157, 0.514478, -0.840231, 0.171213, -2.79397e-09, 0.304406, 7.91624e-09)
bones/50/position = Vector3(-2.79397e-09, 0.304406, 7.91624e-09)
bones/50/rotation = Quaternion(-0.361324, -0.248183, -0.0356197, 0.898099)
bones/50/scale = Vector3(1.00002, 0.999985, 0.999996)
bones/51/rotation = Quaternion(-0.0198169, 0.952287, -0.298255, 0.0616513)
bones/51/scale = Vector3(1, 1, 1)
bones/53/rest = Transform3D(0.953867, 0.140341, -0.265467, 0.0876624, -0.975696, -0.200833, -0.287204, 0.168293, -0.942972, -0.100765, 0.0292317, 4.17457e-08)
bones/53/position = Vector3(-0.100765, 0.0292317, 4.17457e-08)
bones/53/rotation = Quaternion(0.965509, -0.254685, -0.0024505, 0.0540609)
bones/54/rest = Transform3D(0.963433, 0.263073, 0.0508824, -0.203012, 0.840603, -0.502168, -0.174879, 0.473475, 0.863272, 3.89991e-09, 0.263087, -3.72529e-09)
bones/54/position = Vector3(3.89991e-09, 0.263087, -3.72529e-09)
bones/54/rotation = Quaternion(0.283141, 0.0809903, -0.105804, 0.949777)
bones/54/scale = Vector3(1, 1, 1)
bones/55/rest = Transform3D(0.854211, -0.507862, 0.111349, 0.0541853, 0.299955, 0.952413, -0.517094, -0.807529, 0.283743, -7.74162e-09, 0.304406, 1.04264e-08)
bones/55/position = Vector3(-7.74162e-09, 0.304406, 1.04264e-08)
bones/55/rotation = Quaternion(-0.248354, 0.247784, 0.0787423, 0.933125)
bones/55/scale = Vector3(0.999999, 1, 1)
bones/56/rotation = Quaternion(0.0282605, 0.953941, -0.297574, -0.0254451)
bones/56/scale = Vector3(1, 1, 1)

[node name="characterMedium" parent="Root/Skeleton3D" index="0"]
surface_material_override/0 = SubResource("StandardMaterial3D_xhytd")

[node name="Physical Bone RightHeelRoll" type="PhysicalBone3D" parent="Root/Skeleton3D" index="1"]
transform = Transform3D(0.00451749, 0.998119, 0.0942634, 1.0003, -0.0046509, 0.00048768, 0.000918428, 0.0940392, -1.00002, -0.169963, 1.58268, -0.0322724)
joint_type = 5
joint_offset = Transform3D(1, 0, 0, 0, 1, 0, 0, 0, 1, -0.000715963, -0.000357782, 0.0776916)
body_offset = Transform3D(0.0269277, -0.997817, -0.0937237, 3.48198e-07, 0.0935375, -1.00007, 0.99995, 0.0268134, 0.00251934, 0.00694382, 0.0777306, 0.000529788)
bone_name = "RightHeelRoll"
joint_constraints/x/linear_limit_enabled = true
joint_constraints/x/linear_limit_upper = 0.0
joint_constraints/x/linear_limit_lower = 0.0
joint_constraints/x/linear_limit_softness = 0.7
joint_constraints/x/linear_spring_enabled = false
joint_constraints/x/linear_spring_stiffness = 0.0
joint_constraints/x/linear_spring_damping = 0.0
joint_constraints/x/linear_equilibrium_point = 0.0
joint_constraints/x/linear_restitution = 0.5
joint_constraints/x/linear_damping = 1.0
joint_constraints/x/angular_limit_enabled = true
joint_constraints/x/angular_limit_upper = 0.0
joint_constraints/x/angular_limit_lower = 0.0
joint_constraints/x/angular_limit_softness = 0.5
joint_constraints/x/angular_restitution = 0.0
joint_constraints/x/angular_damping = 1.0
joint_constraints/x/erp = 0.5
joint_constraints/x/angular_spring_enabled = false
joint_constraints/x/angular_spring_stiffness = 0.0
joint_constraints/x/angular_spring_damping = 0.0
joint_constraints/x/angular_equilibrium_point = 0.0
joint_constraints/y/linear_limit_enabled = true
joint_constraints/y/linear_limit_upper = 0.0
joint_constraints/y/linear_limit_lower = 0.0
joint_constraints/y/linear_limit_softness = 0.7
joint_constraints/y/linear_spring_enabled = false
joint_constraints/y/linear_spring_stiffness = 0.0
joint_constraints/y/linear_spring_damping = 0.0
joint_constraints/y/linear_equilibrium_point = 0.0
joint_constraints/y/linear_restitution = 0.5
joint_constraints/y/linear_damping = 1.0
joint_constraints/y/angular_limit_enabled = true
joint_constraints/y/angular_limit_upper = 0.0
joint_constraints/y/angular_limit_lower = 0.0
joint_constraints/y/angular_limit_softness = 0.5
joint_constraints/y/angular_restitution = 0.0
joint_constraints/y/angular_damping = 1.0
joint_constraints/y/erp = 0.5
joint_constraints/y/angular_spring_enabled = false
joint_constraints/y/angular_spring_stiffness = 0.0
joint_constraints/y/angular_spring_damping = 0.0
joint_constraints/y/angular_equilibrium_point = 0.0
joint_constraints/z/linear_limit_enabled = true
joint_constraints/z/linear_limit_upper = 0.0
joint_constraints/z/linear_limit_lower = 0.0
joint_constraints/z/linear_limit_softness = 0.7
joint_constraints/z/linear_spring_enabled = false
joint_constraints/z/linear_spring_stiffness = 0.0
joint_constraints/z/linear_spring_damping = 0.0
joint_constraints/z/linear_equilibrium_point = 0.0
joint_constraints/z/linear_restitution = 0.5
joint_constraints/z/linear_damping = 1.0
joint_constraints/z/angular_limit_enabled = true
joint_constraints/z/angular_limit_upper = 0.0
joint_constraints/z/angular_limit_lower = 0.0
joint_constraints/z/angular_limit_softness = 0.5
joint_constraints/z/angular_restitution = 0.0
joint_constraints/z/angular_damping = 1.0
joint_constraints/z/erp = 0.5
joint_constraints/z/angular_spring_enabled = false
joint_constraints/z/angular_spring_stiffness = 0.0
joint_constraints/z/angular_spring_damping = 0.0
joint_constraints/z/angular_equilibrium_point = 0.0

[node name="CollisionShape3D" type="CollisionShape3D" parent="Root/Skeleton3D/Physical Bone RightHeelRoll" index="0"]
transform = Transform3D(0.999379, -0.0350746, -0.00331091, 0.00331598, 0.000103727, 0.999983, -0.0350741, -0.999384, 0.000220075, 7.45058e-07, -1.68383e-06, 1.47521e-06)
shape = SubResource("CapsuleShape3D_bnrpq")

[node name="Physical Bone Hips" type="PhysicalBone3D" parent="Root/Skeleton3D" index="2"]
transform = Transform3D(0.99773, 0.00490878, -0.00150608, 0.0048892, -0.997911, -0.00204104, -0.00151705, 0.00201781, -0.998536, 0.00143071, 1.45218, -0.0395582)
joint_type = 5
joint_offset = Transform3D(1, 0, 0, 0, 1, 0, 0, 0, 1, 8.5771e-06, -0.00105007, 0.0804577)
body_offset = Transform3D(0.997744, 1.6422e-05, 1.16499e-05, 9.453e-06, -1.92132e-06, -0.998539, -7.97678e-07, 0.997925, 1.25016e-05, -9.47784e-06, 0.0803401, 0.00104688)
bone_name = "Hips"
joint_constraints/x/linear_limit_enabled = true
joint_constraints/x/linear_limit_upper = 0.0
joint_constraints/x/linear_limit_lower = 0.0
joint_constraints/x/linear_limit_softness = 0.7
joint_constraints/x/linear_spring_enabled = false
joint_constraints/x/linear_spring_stiffness = 0.0
joint_constraints/x/linear_spring_damping = 0.0
joint_constraints/x/linear_equilibrium_point = 0.0
joint_constraints/x/linear_restitution = 0.5
joint_constraints/x/linear_damping = 1.0
joint_constraints/x/angular_limit_enabled = true
joint_constraints/x/angular_limit_upper = 0.0
joint_constraints/x/angular_limit_lower = 0.0
joint_constraints/x/angular_limit_softness = 0.5
joint_constraints/x/angular_restitution = 0.0
joint_constraints/x/angular_damping = 1.0
joint_constraints/x/erp = 0.5
joint_constraints/x/angular_spring_enabled = false
joint_constraints/x/angular_spring_stiffness = 0.0
joint_constraints/x/angular_spring_damping = 0.0
joint_constraints/x/angular_equilibrium_point = 0.0
joint_constraints/y/linear_limit_enabled = true
joint_constraints/y/linear_limit_upper = 0.0
joint_constraints/y/linear_limit_lower = 0.0
joint_constraints/y/linear_limit_softness = 0.7
joint_constraints/y/linear_spring_enabled = false
joint_constraints/y/linear_spring_stiffness = 0.0
joint_constraints/y/linear_spring_damping = 0.0
joint_constraints/y/linear_equilibrium_point = 0.0
joint_constraints/y/linear_restitution = 0.5
joint_constraints/y/linear_damping = 1.0
joint_constraints/y/angular_limit_enabled = true
joint_constraints/y/angular_limit_upper = 0.0
joint_constraints/y/angular_limit_lower = 0.0
joint_constraints/y/angular_limit_softness = 0.5
joint_constraints/y/angular_restitution = 0.0
joint_constraints/y/angular_damping = 1.0
joint_constraints/y/erp = 0.5
joint_constraints/y/angular_spring_enabled = false
joint_constraints/y/angular_spring_stiffness = 0.0
joint_constraints/y/angular_spring_damping = 0.0
joint_constraints/y/angular_equilibrium_point = 0.0
joint_constraints/z/linear_limit_enabled = true
joint_constraints/z/linear_limit_upper = 0.0
joint_constraints/z/linear_limit_lower = 0.0
joint_constraints/z/linear_limit_softness = 0.7
joint_constraints/z/linear_spring_enabled = false
joint_constraints/z/linear_spring_stiffness = 0.0
joint_constraints/z/linear_spring_damping = 0.0
joint_constraints/z/linear_equilibrium_point = 0.0
joint_constraints/z/linear_restitution = 0.5
joint_constraints/z/linear_damping = 1.0
joint_constraints/z/angular_limit_enabled = true
joint_constraints/z/angular_limit_upper = 0.0
joint_constraints/z/angular_limit_lower = 0.0
joint_constraints/z/angular_limit_softness = 0.5
joint_constraints/z/angular_restitution = 0.0
joint_constraints/z/angular_damping = 1.0
joint_constraints/z/erp = 0.5
joint_constraints/z/angular_spring_enabled = false
joint_constraints/z/angular_spring_stiffness = 0.0
joint_constraints/z/angular_spring_damping = 0.0
joint_constraints/z/angular_equilibrium_point = 0.0

[node name="CollisionShape3D" type="CollisionShape3D" parent="Root/Skeleton3D/Physical Bone Hips" index="0"]
transform = Transform3D(1, 1.3487e-17, -4.7462e-15, -4.7462e-15, 0, 1, 4.3161e-16, -1, 0, -1.16415e-10, -2.79397e-09, -0.0683196)
shape = SubResource("CapsuleShape3D_746dg")

[node name="Physical Bone Chest" type="PhysicalBone3D" parent="Root/Skeleton3D" index="3"]
transform = Transform3D(0.999416, 0.044512, 0.0122365, 0.0460963, -0.977359, -0.207761, 0.00270844, 0.208103, -0.978367, -0.00193575, 1.51118, 0.33326)
joint_type = 5
joint_offset = Transform3D(1, 0, 0, 0, 1, 0, 0, 0, 1, 3.58354e-05, -0.00757637, 0.154311)
body_offset = Transform3D(1.00048, 2.55965e-05, 2.32086e-06, -1.30385e-07, 3.30061e-05, -1.00026, -2.85693e-05, 1.00026, 3.35723e-05, -3.60169e-05, 0.154352, 0.00757315)
bone_name = "Chest"
joint_constraints/x/linear_limit_enabled = true
joint_constraints/x/linear_limit_upper = 0.0
joint_constraints/x/linear_limit_lower = 0.0
joint_constraints/x/linear_limit_softness = 0.7
joint_constraints/x/linear_spring_enabled = false
joint_constraints/x/linear_spring_stiffness = 0.0
joint_constraints/x/linear_spring_damping = 0.0
joint_constraints/x/linear_equilibrium_point = 0.0
joint_constraints/x/linear_restitution = 0.5
joint_constraints/x/linear_damping = 1.0
joint_constraints/x/angular_limit_enabled = true
joint_constraints/x/angular_limit_upper = 0.0
joint_constraints/x/angular_limit_lower = 0.0
joint_constraints/x/angular_limit_softness = 0.5
joint_constraints/x/angular_restitution = 0.0
joint_constraints/x/angular_damping = 1.0
joint_constraints/x/erp = 0.5
joint_constraints/x/angular_spring_enabled = false
joint_constraints/x/angular_spring_stiffness = 0.0
joint_constraints/x/angular_spring_damping = 0.0
joint_constraints/x/angular_equilibrium_point = 0.0
joint_constraints/y/linear_limit_enabled = true
joint_constraints/y/linear_limit_upper = 0.0
joint_constraints/y/linear_limit_lower = 0.0
joint_constraints/y/linear_limit_softness = 0.7
joint_constraints/y/linear_spring_enabled = false
joint_constraints/y/linear_spring_stiffness = 0.0
joint_constraints/y/linear_spring_damping = 0.0
joint_constraints/y/linear_equilibrium_point = 0.0
joint_constraints/y/linear_restitution = 0.5
joint_constraints/y/linear_damping = 1.0
joint_constraints/y/angular_limit_enabled = true
joint_constraints/y/angular_limit_upper = 0.0
joint_constraints/y/angular_limit_lower = 0.0
joint_constraints/y/angular_limit_softness = 0.5
joint_constraints/y/angular_restitution = 0.0
joint_constraints/y/angular_damping = 1.0
joint_constraints/y/erp = 0.5
joint_constraints/y/angular_spring_enabled = false
joint_constraints/y/angular_spring_stiffness = 0.0
joint_constraints/y/angular_spring_damping = 0.0
joint_constraints/y/angular_equilibrium_point = 0.0
joint_constraints/z/linear_limit_enabled = true
joint_constraints/z/linear_limit_upper = 0.0
joint_constraints/z/linear_limit_lower = 0.0
joint_constraints/z/linear_limit_softness = 0.7
joint_constraints/z/linear_spring_enabled = false
joint_constraints/z/linear_spring_stiffness = 0.0
joint_constraints/z/linear_spring_damping = 0.0
joint_constraints/z/linear_equilibrium_point = 0.0
joint_constraints/z/linear_restitution = 0.5
joint_constraints/z/linear_damping = 1.0
joint_constraints/z/angular_limit_enabled = true
joint_constraints/z/angular_limit_upper = 0.0
joint_constraints/z/angular_limit_lower = 0.0
joint_constraints/z/angular_limit_softness = 0.5
joint_constraints/z/angular_restitution = 0.0
joint_constraints/z/angular_damping = 1.0
joint_constraints/z/erp = 0.5
joint_constraints/z/angular_spring_enabled = false
joint_constraints/z/angular_spring_stiffness = 0.0
joint_constraints/z/angular_spring_damping = 0.0
joint_constraints/z/angular_equilibrium_point = 0.0

[node name="CollisionShape3D" type="CollisionShape3D" parent="Root/Skeleton3D/Physical Bone Chest" index="0"]
transform = Transform3D(1, -1.16415e-09, 4.65661e-10, -1.68802e-09, 0, 1, 2.32831e-10, -1, -1.49012e-08, -7.45058e-09, -0.0011971, 0.0121289)
shape = SubResource("CapsuleShape3D_apsmi")

[node name="Physical Bone Neck" type="PhysicalBone3D" parent="Root/Skeleton3D" index="4"]
transform = Transform3D(0.997634, 0.063412, -0.0330949, 0.0507635, -0.953909, -0.297303, -0.0503463, 0.294421, -0.955615, -0.000961792, 1.55386, 0.530954)
joint_type = 5
joint_offset = Transform3D(1, 0, 0, 0, 1, 0, 0, 0, 1, -1.27329e-05, 8.35801e-07, 0.0694329)
body_offset = Transform3D(1.00019, 2.27615e-05, 1.0794e-06, -1.83843e-06, 2.08616e-07, -1.00134, -7.58097e-06, 1.00032, 0.000148058, 1.26604e-05, 0.0695261, -1.11163e-05)
bone_name = "Neck"
joint_constraints/x/linear_limit_enabled = true
joint_constraints/x/linear_limit_upper = 0.0
joint_constraints/x/linear_limit_lower = 0.0
joint_constraints/x/linear_limit_softness = 0.7
joint_constraints/x/linear_spring_enabled = false
joint_constraints/x/linear_spring_stiffness = 0.0
joint_constraints/x/linear_spring_damping = 0.0
joint_constraints/x/linear_equilibrium_point = 0.0
joint_constraints/x/linear_restitution = 0.5
joint_constraints/x/linear_damping = 1.0
joint_constraints/x/angular_limit_enabled = true
joint_constraints/x/angular_limit_upper = 0.0
joint_constraints/x/angular_limit_lower = 0.0
joint_constraints/x/angular_limit_softness = 0.5
joint_constraints/x/angular_restitution = 0.0
joint_constraints/x/angular_damping = 1.0
joint_constraints/x/erp = 0.5
joint_constraints/x/angular_spring_enabled = false
joint_constraints/x/angular_spring_stiffness = 0.0
joint_constraints/x/angular_spring_damping = 0.0
joint_constraints/x/angular_equilibrium_point = 0.0
joint_constraints/y/linear_limit_enabled = true
joint_constraints/y/linear_limit_upper = 0.0
joint_constraints/y/linear_limit_lower = 0.0
joint_constraints/y/linear_limit_softness = 0.7
joint_constraints/y/linear_spring_enabled = false
joint_constraints/y/linear_spring_stiffness = 0.0
joint_constraints/y/linear_spring_damping = 0.0
joint_constraints/y/linear_equilibrium_point = 0.0
joint_constraints/y/linear_restitution = 0.5
joint_constraints/y/linear_damping = 1.0
joint_constraints/y/angular_limit_enabled = true
joint_constraints/y/angular_limit_upper = 0.0
joint_constraints/y/angular_limit_lower = 0.0
joint_constraints/y/angular_limit_softness = 0.5
joint_constraints/y/angular_restitution = 0.0
joint_constraints/y/angular_damping = 1.0
joint_constraints/y/erp = 0.5
joint_constraints/y/angular_spring_enabled = false
joint_constraints/y/angular_spring_stiffness = 0.0
joint_constraints/y/angular_spring_damping = 0.0
joint_constraints/y/angular_equilibrium_point = 0.0
joint_constraints/z/linear_limit_enabled = true
joint_constraints/z/linear_limit_upper = 0.0
joint_constraints/z/linear_limit_lower = 0.0
joint_constraints/z/linear_limit_softness = 0.7
joint_constraints/z/linear_spring_enabled = false
joint_constraints/z/linear_spring_stiffness = 0.0
joint_constraints/z/linear_spring_damping = 0.0
joint_constraints/z/linear_equilibrium_point = 0.0
joint_constraints/z/linear_restitution = 0.5
joint_constraints/z/linear_damping = 1.0
joint_constraints/z/angular_limit_enabled = true
joint_constraints/z/angular_limit_upper = 0.0
joint_constraints/z/angular_limit_lower = 0.0
joint_constraints/z/angular_limit_softness = 0.5
joint_constraints/z/angular_restitution = 0.0
joint_constraints/z/angular_damping = 1.0
joint_constraints/z/erp = 0.5
joint_constraints/z/angular_spring_enabled = false
joint_constraints/z/angular_spring_stiffness = 0.0
joint_constraints/z/angular_spring_damping = 0.0
joint_constraints/z/angular_equilibrium_point = 0.0

[node name="CollisionShape3D" type="CollisionShape3D" parent="Root/Skeleton3D/Physical Bone Neck" index="0"]
transform = Transform3D(1, 0, 0, 0, 0, 1, 0, -1, 0, 0, 0, 0)
shape = SubResource("CapsuleShape3D_g54rb")

[node name="Physical Bone Head" type="PhysicalBone3D" parent="Root/Skeleton3D" index="5"]
transform = Transform3D(0.997823, -0.0283912, 0.0840919, 0.0363118, -0.732148, -0.686514, 0.080477, 0.683223, -0.7322, -0.0196493, 1.74567, 0.779882)
joint_type = 5
joint_offset = Transform3D(1, 0, 0, 0, 1, 0, 0, 0, 1, 1.89363e-07, -1.57719e-05, 0.249393)
body_offset = Transform3D(1.00172, 8.25673e-05, 5.25862e-05, -2.26498e-06, 2.84612e-05, -1.00722, -1.39363e-05, 1.00182, 1.5676e-05, -1.3303e-05, 0.251194, 1.18911e-05)
bone_name = "Head"
joint_constraints/x/linear_limit_enabled = true
joint_constraints/x/linear_limit_upper = 0.0
joint_constraints/x/linear_limit_lower = 0.0
joint_constraints/x/linear_limit_softness = 0.7
joint_constraints/x/linear_spring_enabled = false
joint_constraints/x/linear_spring_stiffness = 0.0
joint_constraints/x/linear_spring_damping = 0.0
joint_constraints/x/linear_equilibrium_point = 0.0
joint_constraints/x/linear_restitution = 0.5
joint_constraints/x/linear_damping = 1.0
joint_constraints/x/angular_limit_enabled = true
joint_constraints/x/angular_limit_upper = 0.0
joint_constraints/x/angular_limit_lower = 0.0
joint_constraints/x/angular_limit_softness = 0.5
joint_constraints/x/angular_restitution = 0.0
joint_constraints/x/angular_damping = 1.0
joint_constraints/x/erp = 0.5
joint_constraints/x/angular_spring_enabled = false
joint_constraints/x/angular_spring_stiffness = 0.0
joint_constraints/x/angular_spring_damping = 0.0
joint_constraints/x/angular_equilibrium_point = 0.0
joint_constraints/y/linear_limit_enabled = true
joint_constraints/y/linear_limit_upper = 0.0
joint_constraints/y/linear_limit_lower = 0.0
joint_constraints/y/linear_limit_softness = 0.7
joint_constraints/y/linear_spring_enabled = false
joint_constraints/y/linear_spring_stiffness = 0.0
joint_constraints/y/linear_spring_damping = 0.0
joint_constraints/y/linear_equilibrium_point = 0.0
joint_constraints/y/linear_restitution = 0.5
joint_constraints/y/linear_damping = 1.0
joint_constraints/y/angular_limit_enabled = true
joint_constraints/y/angular_limit_upper = 0.0
joint_constraints/y/angular_limit_lower = 0.0
joint_constraints/y/angular_limit_softness = 0.5
joint_constraints/y/angular_restitution = 0.0
joint_constraints/y/angular_damping = 1.0
joint_constraints/y/erp = 0.5
joint_constraints/y/angular_spring_enabled = false
joint_constraints/y/angular_spring_stiffness = 0.0
joint_constraints/y/angular_spring_damping = 0.0
joint_constraints/y/angular_equilibrium_point = 0.0
joint_constraints/z/linear_limit_enabled = true
joint_constraints/z/linear_limit_upper = 0.0
joint_constraints/z/linear_limit_lower = 0.0
joint_constraints/z/linear_limit_softness = 0.7
joint_constraints/z/linear_spring_enabled = false
joint_constraints/z/linear_spring_stiffness = 0.0
joint_constraints/z/linear_spring_damping = 0.0
joint_constraints/z/linear_equilibrium_point = 0.0
joint_constraints/z/linear_restitution = 0.5
joint_constraints/z/linear_damping = 1.0
joint_constraints/z/angular_limit_enabled = true
joint_constraints/z/angular_limit_upper = 0.0
joint_constraints/z/angular_limit_lower = 0.0
joint_constraints/z/angular_limit_softness = 0.5
joint_constraints/z/angular_restitution = 0.0
joint_constraints/z/angular_damping = 1.0
joint_constraints/z/erp = 0.5
joint_constraints/z/angular_spring_enabled = false
joint_constraints/z/angular_spring_stiffness = 0.0
joint_constraints/z/angular_spring_damping = 0.0
joint_constraints/z/angular_equilibrium_point = 0.0

[node name="CollisionShape3D" type="CollisionShape3D" parent="Root/Skeleton3D/Physical Bone Head" index="0"]
transform = Transform3D(1, 0, 0, 0, 0, 1, 0, -1, 0, 0, 0, 0)
shape = SubResource("CapsuleShape3D_nd1k4")

[node name="Physical Bone LeftArm" type="PhysicalBone3D" parent="Root/Skeleton3D" index="6"]
transform = Transform3D(-0.742957, 0.00127208, -0.669932, -0.14438, -0.977506, 0.158278, -0.654158, 0.21428, 0.725857, 0.242778, 1.49207, 0.344322)
joint_type = 5
joint_offset = Transform3D(1, 0, 0, 0, 1, 0, 0, 0, 1, 3.93772e-05, 3.4449e-05, 0.11774)
body_offset = Transform3D(1.00038, 5.13494e-05, -2.23704e-06, -5.5274e-05, 2.61366e-05, -1.00037, -3.6642e-05, 1.00072, -7.39098e-06, -3.91304e-05, 0.117783, -3.36021e-05)
bone_name = "LeftArm"
joint_constraints/x/linear_limit_enabled = true
joint_constraints/x/linear_limit_upper = 0.0
joint_constraints/x/linear_limit_lower = 0.0
joint_constraints/x/linear_limit_softness = 0.7
joint_constraints/x/linear_spring_enabled = false
joint_constraints/x/linear_spring_stiffness = 0.0
joint_constraints/x/linear_spring_damping = 0.0
joint_constraints/x/linear_equilibrium_point = 0.0
joint_constraints/x/linear_restitution = 0.5
joint_constraints/x/linear_damping = 1.0
joint_constraints/x/angular_limit_enabled = true
joint_constraints/x/angular_limit_upper = 0.0
joint_constraints/x/angular_limit_lower = 0.0
joint_constraints/x/angular_limit_softness = 0.5
joint_constraints/x/angular_restitution = 0.0
joint_constraints/x/angular_damping = 1.0
joint_constraints/x/erp = 0.5
joint_constraints/x/angular_spring_enabled = false
joint_constraints/x/angular_spring_stiffness = 0.0
joint_constraints/x/angular_spring_damping = 0.0
joint_constraints/x/angular_equilibrium_point = 0.0
joint_constraints/y/linear_limit_enabled = true
joint_constraints/y/linear_limit_upper = 0.0
joint_constraints/y/linear_limit_lower = 0.0
joint_constraints/y/linear_limit_softness = 0.7
joint_constraints/y/linear_spring_enabled = false
joint_constraints/y/linear_spring_stiffness = 0.0
joint_constraints/y/linear_spring_damping = 0.0
joint_constraints/y/linear_equilibrium_point = 0.0
joint_constraints/y/linear_restitution = 0.5
joint_constraints/y/linear_damping = 1.0
joint_constraints/y/angular_limit_enabled = true
joint_constraints/y/angular_limit_upper = 0.0
joint_constraints/y/angular_limit_lower = 0.0
joint_constraints/y/angular_limit_softness = 0.5
joint_constraints/y/angular_restitution = 0.0
joint_constraints/y/angular_damping = 1.0
joint_constraints/y/erp = 0.5
joint_constraints/y/angular_spring_enabled = false
joint_constraints/y/angular_spring_stiffness = 0.0
joint_constraints/y/angular_spring_damping = 0.0
joint_constraints/y/angular_equilibrium_point = 0.0
joint_constraints/z/linear_limit_enabled = true
joint_constraints/z/linear_limit_upper = 0.0
joint_constraints/z/linear_limit_lower = 0.0
joint_constraints/z/linear_limit_softness = 0.7
joint_constraints/z/linear_spring_enabled = false
joint_constraints/z/linear_spring_stiffness = 0.0
joint_constraints/z/linear_spring_damping = 0.0
joint_constraints/z/linear_equilibrium_point = 0.0
joint_constraints/z/linear_restitution = 0.5
joint_constraints/z/linear_damping = 1.0
joint_constraints/z/angular_limit_enabled = true
joint_constraints/z/angular_limit_upper = 0.0
joint_constraints/z/angular_limit_lower = 0.0
joint_constraints/z/angular_limit_softness = 0.5
joint_constraints/z/angular_restitution = 0.0
joint_constraints/z/angular_damping = 1.0
joint_constraints/z/erp = 0.5
joint_constraints/z/angular_spring_enabled = false
joint_constraints/z/angular_spring_stiffness = 0.0
joint_constraints/z/angular_spring_damping = 0.0
joint_constraints/z/angular_equilibrium_point = 0.0

[node name="CollisionShape3D" type="CollisionShape3D" parent="Root/Skeleton3D/Physical Bone LeftArm" index="0"]
transform = Transform3D(0.99992, 0.0126138, 0.000334498, -0.000335122, 4.75291e-05, 0.999999, 0.0126139, -0.99992, 5.17331e-05, 0.00586247, 3.68939e-05, -0.000520766)
shape = SubResource("CapsuleShape3D_jg715")

[node name="Physical Bone LeftForeArm" type="PhysicalBone3D" parent="Root/Skeleton3D" index="7"]
transform = Transform3D(-0.740713, -0.0798306, -0.667249, -0.120291, -0.961518, 0.248531, -0.661144, 0.26443, 0.702368, 0.409451, 1.44066, 0.166406)
joint_type = 5
joint_offset = Transform3D(1, 0, 0, 0, 1, 0, 0, 0, 1, 4.61721e-06, -7.82334e-06, 0.131796)
body_offset = Transform3D(1.00012, -2.26498e-05, -3.77521e-05, -1.53389e-05, -2.12044e-05, -1.00016, -1.01551e-05, 1.00041, 5.1707e-06, 3.57628e-07, 0.131817, 7.14511e-06)
bone_name = "LeftForeArm"
joint_constraints/x/linear_limit_enabled = true
joint_constraints/x/linear_limit_upper = 0.0
joint_constraints/x/linear_limit_lower = 0.0
joint_constraints/x/linear_limit_softness = 0.7
joint_constraints/x/linear_spring_enabled = false
joint_constraints/x/linear_spring_stiffness = 0.0
joint_constraints/x/linear_spring_damping = 0.0
joint_constraints/x/linear_equilibrium_point = 0.0
joint_constraints/x/linear_restitution = 0.5
joint_constraints/x/linear_damping = 1.0
joint_constraints/x/angular_limit_enabled = true
joint_constraints/x/angular_limit_upper = 0.0
joint_constraints/x/angular_limit_lower = 0.0
joint_constraints/x/angular_limit_softness = 0.5
joint_constraints/x/angular_restitution = 0.0
joint_constraints/x/angular_damping = 1.0
joint_constraints/x/erp = 0.5
joint_constraints/x/angular_spring_enabled = false
joint_constraints/x/angular_spring_stiffness = 0.0
joint_constraints/x/angular_spring_damping = 0.0
joint_constraints/x/angular_equilibrium_point = 0.0
