[gd_scene load_steps=28 format=3 uid="uid://b0erdrxa44fd3"]

[ext_resource type="PackedScene" uid="uid://cxx0gsqevxm42" path="res://Imports/Character.glb" id="1_e8gs8"]
[ext_resource type="Texture2D" uid="uid://cu52oq6f212md" path="res://Imports/cyborgFemaleA.png" id="2_rlfx2"]
[ext_resource type="AnimationLibrary" uid="uid://bs8g4p4775brp" path="res://Imported.res" id="3_wcagd"]

[sub_resource type="StandardMaterial3D" id="StandardMaterial3D_xhytd"]
albedo_texture = ExtResource("2_rlfx2")

[sub_resource type="CapsuleShape3D" id="CapsuleShape3D_bnrpq"]
radius = 0.0154135
height = 0.154135

[sub_resource type="CapsuleShape3D" id="CapsuleShape3D_746dg"]
radius = 0.116894
height = 0.302954

[sub_resource type="CapsuleShape3D" id="CapsuleShape3D_apsmi"]
radius = 0.163526
height = 0.362348

[sub_resource type="CapsuleShape3D" id="CapsuleShape3D_g54rb"]
radius = 0.0139004
height = 0.139004

[sub_resource type="CapsuleShape3D" id="CapsuleShape3D_nd1k4"]
radius = 0.2277
height = 0.604421

[sub_resource type="CapsuleShape3D" id="CapsuleShape3D_jg715"]
radius = 0.0610818
height = 0.235388

[sub_resource type="CapsuleShape3D" id="CapsuleShape3D_lvycg"]
radius = 0.0495389
height = 0.263614

[sub_resource type="CapsuleShape3D" id="CapsuleShape3D_wjaja"]
radius = 0.0410045
height = 0.154256

[sub_resource type="CapsuleShape3D" id="CapsuleShape3D_cswt8"]
radius = 0.0615822
height = 0.235387

[sub_resource type="CapsuleShape3D" id="CapsuleShape3D_n2lr2"]
radius = 0.053599
height = 0.263614

[sub_resource type="CapsuleShape3D" id="CapsuleShape3D_p8n1m"]
radius = 0.0426532
height = 0.16526

[sub_resource type="CapsuleShape3D" id="CapsuleShape3D_qs2vu"]
radius = 0.0263087
height = 0.263087

[sub_resource type="CapsuleShape3D" id="CapsuleShape3D_tgwur"]
radius = 0.0304406
height = 0.304406

[sub_resource type="CapsuleShape3D" id="CapsuleShape3D_cutuy"]
radius = 0.0150627
height = 0.150627

[sub_resource type="CapsuleShape3D" id="CapsuleShape3D_ocjn3"]
radius = 0.0106618
height = 0.106618

[sub_resource type="CapsuleShape3D" id="CapsuleShape3D_fcyfs"]
radius = 0.0263087
height = 0.263087

[sub_resource type="CapsuleShape3D" id="CapsuleShape3D_tha7d"]
radius = 0.0304406
height = 0.304406

[sub_resource type="CapsuleShape3D" id="CapsuleShape3D_f0467"]
radius = 0.0150627
height = 0.150627

[sub_resource type="CapsuleShape3D" id="CapsuleShape3D_pwlnk"]
radius = 0.0106618
height = 0.106618

[sub_resource type="AnimationLibrary" id="AnimationLibrary_q004n"]

[sub_resource type="AnimationNodeAnimation" id="AnimationNodeAnimation_6aovl"]
animation = &"Imported/Idle"

[sub_resource type="AnimationNodeStateMachineTransition" id="AnimationNodeStateMachineTransition_pkb54"]
advance_mode = 2

[sub_resource type="AnimationNodeStateMachine" id="AnimationNodeStateMachine_8ie4w"]
states/Imported_Idle/node = SubResource("AnimationNodeAnimation_6aovl")
states/Imported_Idle/position = Vector2(425, 100)
transitions = ["Start", "Imported_Idle", SubResource("AnimationNodeStateMachineTransition_pkb54")]

[node name="Character" instance=ExtResource("1_e8gs8")]

[node name="Skeleton3D" parent="Root" index="0"]
transform = Transform3D(1, 0, 0, 0, 1, 0, 0, 0, 1, 0.00188112, 0, 0.00405312)
bones/0/rest = Transform3D(-4.76837e-07, -6.40372e-08, -1, -1.92112e-07, -1, 6.40373e-08, -1, 1.92112e-07, 5.36442e-07, 0.151475, 0.856475, -0.074525)
bones/0/position = Vector3(0.151475, 0.856475, -0.074525)
bones/0/rotation = Quaternion(-0.707107, 9.05624e-08, 0.707107, -4.52812e-08)
bones/0/scale = Vector3(1, 1, 1)
bones/1/rotation = Quaternion(-0.507509, 0.508223, -0.491912, -0.492105)
bones/2/rotation = Quaternion(0.0157269, -0.00207817, 0.994625, -0.102321)
bones/2/scale = Vector3(1, 1, 1)
bones/3/rotation = Quaternion(0.946129, -0.0218709, 0.0755026, -0.314104)
bones/3/scale = Vector3(1, 1, 1)
bones/7/rest = Transform3D(-7.15256e-07, 8.52651e-14, -1, -3.5393e-07, -1, 1.56319e-13, -1, 3.5393e-07, 5.96046e-07, -0.308979, -0.29335, 0.0129436)
bones/7/rotation = Quaternion(-0.707107, 1.25133e-07, 0.707107, -1.25133e-07)
bones/9/rest = Transform3D(-4.76837e-07, -6.40306e-08, -1, -1.92092e-07, -1, 6.40308e-08, -1, 1.92092e-07, 5.36442e-07, -0.151525, 0.846475, -0.074525)
bones/9/position = Vector3(-0.151525, 0.846475, -0.074525)
bones/9/rotation = Quaternion(-0.707107, 9.05531e-08, 0.707107, -4.52766e-08)
bones/9/scale = Vector3(1, 1, 1)
bones/10/rotation = Quaternion(-0.50769, 0.507905, -0.491725, -0.492433)
bones/10/scale = Vector3(1, 1, 1)
bones/11/scale = Vector3(1.00001, 1, 1)
bones/12/rotation = Quaternion(0.948112, 0.0114449, -0.0440929, -0.314656)
bones/12/scale = Vector3(1, 1, 1)
bones/14/rotation = Quaternion(-0.5, -0.5, 0.5, -0.5)
bones/16/rest = Transform3D(-7.15256e-07, 1.27898e-13, -1, -3.5393e-07, -1, 1.13687e-13, -1, 3.5393e-07, 5.96046e-07, -0.308979, -0.29335, -0.0145991)
bones/16/rotation = Quaternion(-0.707107, 1.25133e-07, 0.707107, -1.25133e-07)
bones/18/rest = Transform3D(-0.98547, -0.164062, -0.0439456, 0.160932, -0.984674, 0.0672126, -0.0542992, 0.0591638, 0.99677, 0.0363367, 1.50556, -0.00771488)
bones/18/position = Vector3(0.036336, 1.50556, -0.00771765)
bones/18/rotation = Quaternion(-0.0246286, 0.0317287, 0.995857, 0.0815862)
bones/18/scale = Vector3(1, 1, 1)
bones/19/rest = Transform3D(-0.999996, -0.00288614, 0.000186031, 0.00288614, -0.999996, -2.7192e-07, 0.000186031, 2.64992e-07, 1, 0.000232299, 0.160976, -2.65721e-08)
bones/19/rotation = Quaternion(9.30155e-05, -1.73225e-09, 0.999999, 0.00144307)
bones/19/scale = Vector3(1, 1, 1)
bones/20/rest = Transform3D(0.985344, -0.165356, -0.0418866, 0.170274, 0.96814, 0.183606, 0.0101917, -0.188048, 0.982107, 1.88949e-10, 0.160976, 4.48339e-09)
bones/20/rotation = Quaternion(-0.0937383, -0.0129947, 0.0846413, 0.991907)
bones/21/rotation = Quaternion(0.0118946, 1.00854e-08, 1.10452e-08, 0.999929)
bones/22/rotation = Quaternion(0.0491658, 2.67474e-10, -6.23697e-11, 0.998791)
bones/23/rest = Transform3D(0.999842, 0.0162459, -0.0072241, -0.0176548, 0.95524, -0.295304, 0.00210327, 0.295385, 0.955376, 2.60934e-13, 0.135432, -1.26324e-09)
bones/23/rotation = Quaternion(0.149346, -0.00237337, -0.00849489, 0.988746)
bones/23/scale = Vector3(1, 1, 1)
bones/24/rest = Transform3D(0.999725, -0.00765177, -0.022152, 0.0143253, 0.947582, 0.319191, 0.0185485, -0.31942, 0.947432, 8.32299e-12, 0.139004, 3.7253e-08)
bones/24/rotation = Quaternion(-0.161798, -0.0102915, 0.00550476, 0.986755)
bones/26/rest = Transform3D(-0.0524105, 0.939915, 0.33736, -0.0698393, -0.340447, 0.937666, 0.99618, 0.0255825, 0.083486, 0.04414, 0.140541, 0.0324805)
bones/26/rotation = Quaternion(0.548663, 0.396411, 0.607499, -0.415659)
bones/26/scale = Vector3(1, 1, 1)
bones/27/rest = Transform3D(0.0232182, -0.125545, 0.991816, -0.800846, 0.591507, 0.093621, -0.59842, -0.796466, -0.0868083, 9.31323e-10, 0.129401, 4.27972e-08)
bones/27/rotation = Quaternion(-0.360025, 0.643261, -0.273177, 0.618038)
bones/27/scale = Vector3(1, 1, 1)
bones/28/rest = Transform3D(0.998933, -0.0144858, -0.043845, -0.00243315, 0.931687, -0.363253, 0.0461118, 0.362972, 0.930658, 6.39448e-08, 0.235388, 0)
bones/28/rotation = Quaternion(0.184783, -0.0228885, 0.00306688, 0.982508)
bones/28/scale = Vector3(1, 1, 1)
bones/29/rest = Transform3D(-0.282132, 0.0678149, 0.956976, 0.188171, 0.982035, -0.0141147, -0.940741, 0.176093, -0.289824, -2.30502e-07, 0.263614, -7.45058e-09)
bones/29/rotation = Quaternion(0.0800864, 0.799061, 0.0506746, 0.593733)
bones/29/scale = Vector3(1, 1, 1)
bones/30/rest = Transform3D(0.986974, -0.0172424, -0.159953, -0.0128215, 0.982647, -0.18504, 0.160368, 0.184681, 0.969626, 7.45058e-09, 0.0692998, 1.08732e-07)
bones/30/rotation = Quaternion(0.0931026, -0.080695, 0.00111724, 0.992381)
bones/31/rest = Transform3D(0.990688, 0.043269, 0.129091, -0.0134521, 0.974625, -0.223442, -0.135483, 0.219624, 0.966131, -3.91155e-08, 0.0564106, 0)
bones/31/rotation = Quaternion(0.111693, 0.0667178, -0.0142988, 0.991397)
bones/32/rest = Transform3D(0.997864, 0.0123736, -0.0641484, -0.0327481, 0.944368, -0.327256, 0.0565303, 0.328657, 0.942756, 1.86265e-09, 0.0510653, -1.27009e-07)
bones/32/rotation = Quaternion(0.166384, -0.0306129, -0.0114459, 0.985519)
bones/33/rotation = Quaternion(8.49425e-07, -8.39704e-07, 2.65438e-08, 1)
bones/34/rest = Transform3D(-0.348424, -0.32069, 0.880772, 0.0862428, 0.9247, 0.370801, -0.933361, 0.205156, -0.29453, -0.0325742, 0.0254905, 0.00122288)
bones/34/rotation = Quaternion(-0.073348, 0.801135, 0.179717, 0.566131)
bones/34/scale = Vector3(1, 1, 1)
bones/35/rest = Transform3D(0.99778, -0.0664827, 0.00386824, 0.0589318, 0.854419, -0.516232, 0.0310154, 0.515314, 0.85644, 5.7742e-08, 0.0529338, 0)
bones/35/rotation = Quaternion(0.267758, -0.00697565, 0.0324719, 0.962914)
bones/35/scale = Vector3(1, 1, 1)
bones/36/rotation = Quaternion(6.83591e-07, -3.2559e-06, 1.79932e-06, 1)
bones/37/rest = Transform3D(0.212284, -0.854712, 0.473711, -0.408071, -0.518006, -0.751763, 0.887927, -0.0337208, -0.458748, -0.04414, 0.140541, 0.0324805)
bones/37/rotation = Quaternion(0.739785, -0.426636, 0.460267, 0.242601)
bones/37/scale = Vector3(1, 1, 1)
bones/38/rest = Transform3D(-0.955022, 0.173023, -0.240822, -0.0137261, 0.785458, 0.618763, 0.296216, 0.594238, -0.747755, 5.72763e-08, 0.129401, 2.66824e-07)
bones/38/rotation = Quaternion(0.042646, 0.933834, 0.324741, -0.143802)
bones/38/scale = Vector3(1, 1, 1)
bones/39/rest = Transform3D(0.885421, -0.459589, 0.0693342, 0.456379, 0.887922, 0.0575668, -0.0880203, -0.0193282, 0.995931, -3.07336e-08, 0.235387, -2.44312e-07)
bones/39/rotation = Quaternion(-0.0198032, 0.0405253, 0.235898, 0.97073)
bones/40/rest = Transform3D(0.95641, -0.0929847, -0.276826, 0.098329, 0.995139, 0.00545558, 0.274974, -0.0324379, 0.960904, 3.72529e-09, 0.263614, -3.23635e-08)
bones/40/rotation = Quaternion(-0.00957508, -0.139478, 0.0483959, 0.988995)
bones/40/scale = Vector3(1, 1, 1)
bones/41/rest = Transform3D(0.98509, 0.0945385, -0.143736, -0.033959, 0.925897, 0.376247, 0.168654, -0.365756, 0.915302, 2.04891e-08, 0.0693, -5.87315e-07)
bones/41/rotation = Quaternion(-0.189661, -0.0798288, -0.0327896, 0.97805)
bones/41/scale = Vector3(1, 1, 1)
bones/42/rest = Transform3D(0.990851, 0.00820471, 0.134714, -0.032226, 0.983661, 0.17712, -0.13106, -0.179841, 0.974926, 1.02445e-08, 0.0564108, 1.51456e-07)
bones/42/rotation = Quaternion(-0.0897609, 0.066868, -0.0101666, 0.993664)
bones/43/rest = Transform3D(0.997383, 0.0505788, -0.0516645, -0.0313057, 0.946227, 0.321986, 0.065172, -0.319526, 0.945334, 9.31323e-09, 0.0510654, 3.08384e-07)
bones/43/rotation = Quaternion(-0.162601, -0.0296239, -0.0207537, 0.986029)
bones/45/rest = Transform3D(-0.701094, -0.310897, -0.641724, -0.040297, 0.915783, -0.399646, 0.711929, -0.25433, -0.654579, -0.0319597, 0.0254906, -0.0064154)
bones/45/rotation = Quaternion(-0.0970155, 0.904351, -0.180813, -0.374225)
bones/45/scale = Vector3(1, 1, 1)
bones/46/rest = Transform3D(0.940044, -0.301514, -0.159394, 0.329707, 0.683868, 0.65086, -0.0872384, -0.66439, 0.742277, 5.58794e-08, 0.0529338, 2.98023e-08)
bones/46/rotation = Quaternion(-0.358435, -0.0196642, 0.172006, 0.917361)
bones/46/scale = Vector3(1, 1, 1)
bones/48/rest = Transform3D(0.934893, 0.245266, 0.2567, 0.316902, -0.902467, -0.291782, 0.160106, 0.354119, -0.921394, 0.100765, 0.0292317, 4.16401e-08)
bones/48/rotation = Quaternion(0.969362, 0.144981, 0.107563, 0.166576)
bones/48/scale = Vector3(1.00004, 1, 0.999999)
bones/49/rest = Transform3D(0.951697, -0.301572, 0.0576857, 0.240683, 0.616082, -0.75001, 0.190643, 0.727666, 0.658906, -6.31553e-09, 0.263087, -1.10595e-09)
bones/49/rotation = Quaternion(0.411305, -0.0370241, 0.15098, 0.898144)
bones/50/rest = Transform3D(0.857247, 0.509022, -0.0777426, -0.0218301, 0.186763, 0.982157, 0.514478, -0.840231, 0.171213, -2.79397e-09, 0.304406, 7.91624e-09)
bones/50/rotation = Quaternion(-0.612229, -0.198986, -0.178372, 0.744153)
bones/50/scale = Vector3(1.00002, 0.999986, 0.999995)
bones/51/rotation = Quaternion(-0.0198169, 0.952287, -0.298255, 0.0616513)
bones/51/scale = Vector3(1, 1, 1)
bones/53/rest = Transform3D(0.953867, 0.140341, -0.265467, 0.0876624, -0.975696, -0.200833, -0.287204, 0.168293, -0.942972, -0.100765, 0.0292317, 4.17457e-08)
bones/53/rotation = Quaternion(0.983931, 0.0579799, -0.140427, 0.0938009)
bones/54/rest = Transform3D(0.963433, 0.263073, 0.0508824, -0.203012, 0.840603, -0.502168, -0.174879, 0.473475, 0.863272, 3.89991e-09, 0.263087, -3.72529e-09)
bones/54/rotation = Quaternion(0.254778, 0.0589954, -0.121602, 0.957507)
bones/54/scale = Vector3(1, 1, 1)
bones/55/rest = Transform3D(0.854211, -0.507862, 0.111349, 0.0541853, 0.299955, 0.952413, -0.517094, -0.807529, 0.283743, -7.74162e-09, 0.304406, 1.04264e-08)
bones/55/rotation = Quaternion(-0.563599, 0.201268, 0.179936, 0.780686)
bones/55/scale = Vector3(1, 1, 1)
bones/56/rotation = Quaternion(0.0282605, 0.953941, -0.297574, -0.0254451)
bones/56/scale = Vector3(1, 1, 1)

[node name="characterMedium" parent="Root/Skeleton3D" index="0"]
surface_material_override/0 = SubResource("StandardMaterial3D_xhytd")

[node name="Physical Bone RightHeelRoll" type="PhysicalBone3D" parent="Root/Skeleton3D" index="1"]
transform = Transform3D(0.00461212, 0.997007, 0.0941822, 1.00006, -0.00468181, 0.00048408, 0.000916921, 0.0938128, -1.00001, -0.16974, 0.756573, -0.0329118)
joint_type = 5
joint_offset = Transform3D(1, 0, 0, 0, 1, 0, 0, 0, 1, -8.6225e-05, -0.000160048, 0.0770236)
body_offset = Transform3D(0.0268255, -0.996707, -0.0936425, -8.35571e-07, 0.0933116, -1.00006, 0.999712, 0.0267471, 0.00251348, 0.00705548, 0.077043, -0.000103116)
bone_name = "RightHeelRoll"
joint_constraints/x/linear_limit_enabled = true
joint_constraints/x/linear_limit_upper = 0.0
joint_constraints/x/linear_limit_lower = 0.0
joint_constraints/x/linear_limit_softness = 0.7
joint_constraints/x/linear_spring_enabled = false
joint_constraints/x/linear_spring_stiffness = 0.0
joint_constraints/x/linear_spring_damping = 0.0
joint_constraints/x/linear_equilibrium_point = 0.0
joint_constraints/x/linear_restitution = 0.5
joint_constraints/x/linear_damping = 1.0
joint_constraints/x/angular_limit_enabled = true
joint_constraints/x/angular_limit_upper = 0.0
joint_constraints/x/angular_limit_lower = 0.0
joint_constraints/x/angular_limit_softness = 0.5
joint_constraints/x/angular_restitution = 0.0
joint_constraints/x/angular_damping = 1.0
joint_constraints/x/erp = 0.5
joint_constraints/x/angular_spring_enabled = false
joint_constraints/x/angular_spring_stiffness = 0.0
joint_constraints/x/angular_spring_damping = 0.0
joint_constraints/x/angular_equilibrium_point = 0.0
joint_constraints/y/linear_limit_enabled = true
joint_constraints/y/linear_limit_upper = 0.0
joint_constraints/y/linear_limit_lower = 0.0
joint_constraints/y/linear_limit_softness = 0.7
joint_constraints/y/linear_spring_enabled = false
joint_constraints/y/linear_spring_stiffness = 0.0
joint_constraints/y/linear_spring_damping = 0.0
joint_constraints/y/linear_equilibrium_point = 0.0
joint_constraints/y/linear_restitution = 0.5
joint_constraints/y/linear_damping = 1.0
joint_constraints/y/angular_limit_enabled = true
joint_constraints/y/angular_limit_upper = 0.0
joint_constraints/y/angular_limit_lower = 0.0
joint_constraints/y/angular_limit_softness = 0.5
joint_constraints/y/angular_restitution = 0.0
joint_constraints/y/angular_damping = 1.0
joint_constraints/y/erp = 0.5
joint_constraints/y/angular_spring_enabled = false
joint_constraints/y/angular_spring_stiffness = 0.0
joint_constraints/y/angular_spring_damping = 0.0
joint_constraints/y/angular_equilibrium_point = 0.0
joint_constraints/z/linear_limit_enabled = true
joint_constraints/z/linear_limit_upper = 0.0
joint_constraints/z/linear_limit_lower = 0.0
joint_constraints/z/linear_limit_softness = 0.7
joint_constraints/z/linear_spring_enabled = false
joint_constraints/z/linear_spring_stiffness = 0.0
joint_constraints/z/linear_spring_damping = 0.0
joint_constraints/z/linear_equilibrium_point = 0.0
joint_constraints/z/linear_restitution = 0.5
joint_constraints/z/linear_damping = 1.0
joint_constraints/z/angular_limit_enabled = true
joint_constraints/z/angular_limit_upper = 0.0
joint_constraints/z/angular_limit_lower = 0.0
joint_constraints/z/angular_limit_softness = 0.5
joint_constraints/z/angular_restitution = 0.0
joint_constraints/z/angular_damping = 1.0
joint_constraints/z/erp = 0.5
joint_constraints/z/angular_spring_enabled = false
joint_constraints/z/angular_spring_stiffness = 0.0
joint_constraints/z/angular_spring_damping = 0.0
joint_constraints/z/angular_equilibrium_point = 0.0

[node name="CollisionShape3D" type="CollisionShape3D" parent="Root/Skeleton3D/Physical Bone RightHeelRoll" index="0"]
transform = Transform3D(1, 0, 0, 0, 0, 1, 0, -1, 0, 0, 0, 0)
shape = SubResource("CapsuleShape3D_bnrpq")

[node name="Physical Bone Hips" type="PhysicalBone3D" parent="Root/Skeleton3D" index="2"]
transform = Transform3D(0.983838, -0.0440323, -0.166753, -0.163564, 0.0671893, -0.983362, 0.0545205, 0.995891, 0.0589704, 0.0230925, 1.42617, -0.00280959)
joint_type = 5
joint_offset = Transform3D(1, 0, 0, 0, 1, 0, 0, 0, 1, 6.26236e-06, -0.000137024, 0.0804009)
body_offset = Transform3D(0.998831, -1.22748e-05, 6.69411e-06, 6.43963e-06, 2.79397e-06, -0.999142, -1.75089e-06, 0.999126, 2.03401e-06, -6.79493e-06, 0.0803319, 0.000136741)
bone_name = "Hips"
joint_constraints/x/linear_limit_enabled = true
joint_constraints/x/linear_limit_upper = 0.0
joint_constraints/x/linear_limit_lower = 0.0
joint_constraints/x/linear_limit_softness = 0.7
joint_constraints/x/linear_spring_enabled = false
joint_constraints/x/linear_spring_stiffness = 0.0
joint_constraints/x/linear_spring_damping = 0.0
joint_constraints/x/linear_equilibrium_point = 0.0
joint_constraints/x/linear_restitution = 0.5
joint_constraints/x/linear_damping = 1.0
joint_constraints/x/angular_limit_enabled = true
joint_constraints/x/angular_limit_upper = 0.0
joint_constraints/x/angular_limit_lower = 0.0
joint_constraints/x/angular_limit_softness = 0.5
joint_constraints/x/angular_restitution = 0.0
joint_constraints/x/angular_damping = 1.0
joint_constraints/x/erp = 0.5
joint_constraints/x/angular_spring_enabled = false
joint_constraints/x/angular_spring_stiffness = 0.0
joint_constraints/x/angular_spring_damping = 0.0
joint_constraints/x/angular_equilibrium_point = 0.0
joint_constraints/y/linear_limit_enabled = true
joint_constraints/y/linear_limit_upper = 0.0
joint_constraints/y/linear_limit_lower = 0.0
joint_constraints/y/linear_limit_softness = 0.7
joint_constraints/y/linear_spring_enabled = false
joint_constraints/y/linear_spring_stiffness = 0.0
joint_constraints/y/linear_spring_damping = 0.0
joint_constraints/y/linear_equilibrium_point = 0.0
joint_constraints/y/linear_restitution = 0.5
joint_constraints/y/linear_damping = 1.0
joint_constraints/y/angular_limit_enabled = true
joint_constraints/y/angular_limit_upper = 0.0
joint_constraints/y/angular_limit_lower = 0.0
joint_constraints/y/angular_limit_softness = 0.5
joint_constraints/y/angular_restitution = 0.0
joint_constraints/y/angular_damping = 1.0
joint_constraints/y/erp = 0.5
joint_constraints/y/angular_spring_enabled = false
joint_constraints/y/angular_spring_stiffness = 0.0
joint_constraints/y/angular_spring_damping = 0.0
joint_constraints/y/angular_equilibrium_point = 0.0
joint_constraints/z/linear_limit_enabled = true
joint_constraints/z/linear_limit_upper = 0.0
joint_constraints/z/linear_limit_lower = 0.0
joint_constraints/z/linear_limit_softness = 0.7
joint_constraints/z/linear_spring_enabled = false
joint_constraints/z/linear_spring_stiffness = 0.0
joint_constraints/z/linear_spring_damping = 0.0
joint_constraints/z/linear_equilibrium_point = 0.0
joint_constraints/z/linear_restitution = 0.5
joint_constraints/z/linear_damping = 1.0
joint_constraints/z/angular_limit_enabled = true
joint_constraints/z/angular_limit_upper = 0.0
joint_constraints/z/angular_limit_lower = 0.0
joint_constraints/z/angular_limit_softness = 0.5
joint_constraints/z/angular_restitution = 0.0
joint_constraints/z/angular_damping = 1.0
joint_constraints/z/erp = 0.5
joint_constraints/z/angular_spring_enabled = false
joint_constraints/z/angular_spring_stiffness = 0.0
joint_constraints/z/angular_spring_damping = 0.0
joint_constraints/z/angular_equilibrium_point = 0.0

[node name="CollisionShape3D" type="CollisionShape3D" parent="Root/Skeleton3D/Physical Bone Hips" index="0"]
transform = Transform3D(1, 1.3487e-17, -4.7462e-15, -4.7462e-15, 0, 1, 4.3161e-16, -1, 0, -1.16415e-10, -2.79397e-09, -0.0683196)
shape = SubResource("CapsuleShape3D_746dg")

[node name="Physical Bone Chest" type="PhysicalBone3D" parent="Root/Skeleton3D" index="3"]
transform = Transform3D(0.998844, -0.0537618, -0.00559604, 0.00696456, 0.230705, -0.973166, 0.0536175, 0.971698, 0.230696, 0.0380103, 1.79629, -0.0722748)
joint_type = 5
joint_offset = Transform3D(1, 0, 0, 0, 1, 0, 0, 0, 1, -6.92362e-06, -0.00766197, 0.154318)
body_offset = Transform3D(1.00031, 1.69091e-05, 2.48384e-06, 4.47035e-07, 3.33637e-05, -1.00015, -9.81241e-06, 1.00016, -1.32769e-05, 6.67199e-06, 0.154341, 0.00766522)
bone_name = "Chest"
joint_constraints/x/linear_limit_enabled = true
joint_constraints/x/linear_limit_upper = 0.0
joint_constraints/x/linear_limit_lower = 0.0
joint_constraints/x/linear_limit_softness = 0.7
joint_constraints/x/linear_spring_enabled = false
joint_constraints/x/linear_spring_stiffness = 0.0
joint_constraints/x/linear_spring_damping = 0.0
joint_constraints/x/linear_equilibrium_point = 0.0
joint_constraints/x/linear_restitution = 0.5
joint_constraints/x/linear_damping = 1.0
joint_constraints/x/angular_limit_enabled = true
joint_constraints/x/angular_limit_upper = 0.0
joint_constraints/x/angular_limit_lower = 0.0
joint_constraints/x/angular_limit_softness = 0.5
joint_constraints/x/angular_restitution = 0.0
joint_constraints/x/angular_damping = 1.0
joint_constraints/x/erp = 0.5
joint_constraints/x/angular_spring_enabled = false
joint_constraints/x/angular_spring_stiffness = 0.0
joint_constraints/x/angular_spring_damping = 0.0
joint_constraints/x/angular_equilibrium_point = 0.0
joint_constraints/y/linear_limit_enabled = true
joint_constraints/y/linear_limit_upper = 0.0
joint_constraints/y/linear_limit_lower = 0.0
joint_constraints/y/linear_limit_softness = 0.7
joint_constraints/y/linear_spring_enabled = false
joint_constraints/y/linear_spring_stiffness = 0.0
joint_constraints/y/linear_spring_damping = 0.0
joint_constraints/y/linear_equilibrium_point = 0.0
joint_constraints/y/linear_restitution = 0.5
joint_constraints/y/linear_damping = 1.0
joint_constraints/y/angular_limit_enabled = true
joint_constraints/y/angular_limit_upper = 0.0
joint_constraints/y/angular_limit_lower = 0.0
joint_constraints/y/angular_limit_softness = 0.5
joint_constraints/y/angular_restitution = 0.0
joint_constraints/y/angular_damping = 1.0
joint_constraints/y/erp = 0.5
joint_constraints/y/angular_spring_enabled = false
joint_constraints/y/angular_spring_stiffness = 0.0
joint_constraints/y/angular_spring_damping = 0.0
joint_constraints/y/angular_equilibrium_point = 0.0
joint_constraints/z/linear_limit_enabled = true
joint_constraints/z/linear_limit_upper = 0.0
joint_constraints/z/linear_limit_lower = 0.0
joint_constraints/z/linear_limit_softness = 0.7
joint_constraints/z/linear_spring_enabled = false
joint_constraints/z/linear_spring_stiffness = 0.0
joint_constraints/z/linear_spring_damping = 0.0
joint_constraints/z/linear_equilibrium_point = 0.0
joint_constraints/z/linear_restitution = 0.5
joint_constraints/z/linear_damping = 1.0
joint_constraints/z/angular_limit_enabled = true
joint_constraints/z/angular_limit_upper = 0.0
joint_constraints/z/angular_limit_lower = 0.0
joint_constraints/z/angular_limit_softness = 0.5
joint_constraints/z/angular_restitution = 0.0
joint_constraints/z/angular_damping = 1.0
joint_constraints/z/erp = 0.5
joint_constraints/z/angular_spring_enabled = false
joint_constraints/z/angular_spring_stiffness = 0.0
joint_constraints/z/angular_spring_damping = 0.0
joint_constraints/z/angular_equilibrium_point = 0.0

[node name="CollisionShape3D" type="CollisionShape3D" parent="Root/Skeleton3D/Physical Bone Chest" index="0"]
transform = Transform3D(1, -2.77556e-17, 9.99201e-15, 0, 0, 1, 6.93889e-18, -1, 0, 0, -0.00119698, 0.0121289)
shape = SubResource("CapsuleShape3D_apsmi")

[node name="Physical Bone Neck" type="PhysicalBone3D" parent="Root/Skeleton3D" index="4"]
transform = Transform3D(0.998372, -0.0589435, -0.000385412, -0.0100973, -0.164732, -0.987558, 0.0580908, 0.984828, -0.165061, 0.0384736, 1.99562, -0.0860337)
joint_type = 5
joint_offset = Transform3D(1, 0, 0, 0, 1, 0, 0, 0, 1, -1.66064e-06, -6.33139e-06, 0.0694052)
body_offset = Transform3D(1.00011, 2.52612e-05, -5.43892e-07, 1.12131e-06, -5.36442e-07, -1.00126, -4.47035e-08, 1.00025, 0.000148356, 1.69873e-06, 0.0694925, -3.96371e-06)
bone_name = "Neck"
joint_constraints/x/linear_limit_enabled = true
joint_constraints/x/linear_limit_upper = 0.0
joint_constraints/x/linear_limit_lower = 0.0
joint_constraints/x/linear_limit_softness = 0.7
joint_constraints/x/linear_spring_enabled = false
joint_constraints/x/linear_spring_stiffness = 0.0
joint_constraints/x/linear_spring_damping = 0.0
joint_constraints/x/linear_equilibrium_point = 0.0
joint_constraints/x/linear_restitution = 0.5
joint_constraints/x/linear_damping = 1.0
joint_constraints/x/angular_limit_enabled = true
joint_constraints/x/angular_limit_upper = 0.0
joint_constraints/x/angular_limit_lower = 0.0
joint_constraints/x/angular_limit_softness = 0.5
joint_constraints/x/angular_restitution = 0.0
joint_constraints/x/angular_damping = 1.0
joint_constraints/x/erp = 0.5
joint_constraints/x/angular_spring_enabled = false
joint_constraints/x/angular_spring_stiffness = 0.0
joint_constraints/x/angular_spring_damping = 0.0
joint_constraints/x/angular_equilibrium_point = 0.0
joint_constraints/y/linear_limit_enabled = true
joint_constraints/y/linear_limit_upper = 0.0
joint_constraints/y/linear_limit_lower = 0.0
joint_constraints/y/linear_limit_softness = 0.7
joint_constraints/y/linear_spring_enabled = false
joint_constraints/y/linear_spring_stiffness = 0.0
joint_constraints/y/linear_spring_damping = 0.0
joint_constraints/y/linear_equilibrium_point = 0.0
joint_constraints/y/linear_restitution = 0.5
joint_constraints/y/linear_damping = 1.0
joint_constraints/y/angular_limit_enabled = true
joint_constraints/y/angular_limit_upper = 0.0
joint_constraints/y/angular_limit_lower = 0.0
joint_constraints/y/angular_limit_softness = 0.5
joint_constraints/y/angular_restitution = 0.0
joint_constraints/y/angular_damping = 1.0
joint_constraints/y/erp = 0.5
joint_constraints/y/angular_spring_enabled = false
joint_constraints/y/angular_spring_stiffness = 0.0
joint_constraints/y/angular_spring_damping = 0.0
joint_constraints/y/angular_equilibrium_point = 0.0
joint_constraints/z/linear_limit_enabled = true
joint_constraints/z/linear_limit_upper = 0.0
joint_constraints/z/linear_limit_lower = 0.0
joint_constraints/z/linear_limit_softness = 0.7
joint_constraints/z/linear_spring_enabled = false
joint_constraints/z/linear_spring_stiffness = 0.0
joint_constraints/z/linear_spring_damping = 0.0
joint_constraints/z/linear_equilibrium_point = 0.0
joint_constraints/z/linear_restitution = 0.5
joint_constraints/z/linear_damping = 1.0
joint_constraints/z/angular_limit_enabled = true
joint_constraints/z/angular_limit_upper = 0.0
joint_constraints/z/angular_limit_lower = 0.0
joint_constraints/z/angular_limit_softness = 0.5
joint_constraints/z/angular_restitution = 0.0
joint_constraints/z/angular_damping = 1.0
joint_constraints/z/erp = 0.5
joint_constraints/z/angular_spring_enabled = false
joint_constraints/z/angular_spring_stiffness = 0.0
joint_constraints/z/angular_spring_damping = 0.0
joint_constraints/z/angular_equilibrium_point = 0.0

[node name="CollisionShape3D" type="CollisionShape3D" parent="Root/Skeleton3D/Physical Bone Neck" index="0"]
transform = Transform3D(1, 0, 0, 0, 0, 1, 0, -1, 0, 0, 0, 0)
shape = SubResource("CapsuleShape3D_g54rb")

[node name="Physical Bone Head" type="PhysicalBone3D" parent="Root/Skeleton3D" index="5"]
transform = Transform3D(0.998274, -0.0778386, -0.0117131, 0.000845361, 0.159332, -0.994283, 0.0787485, 0.985796, 0.159724, 0.0414227, 2.31212, -0.114378)
joint_type = 5
joint_offset = Transform3D(1, 0, 0, 0, 1, 0, 0, 0, 1, -4.97826e-06, -1.2702e-05, 0.249368)
body_offset = Transform3D(1.00138, 7.51019e-05, 3.75928e-05, -6.90483e-06, 6.45816e-05, -1.0071, -1.46925e-05, 1.00162, 1.08629e-05, -4.38839e-06, 0.251138, 1.00136e-05)
bone_name = "Head"
joint_constraints/x/linear_limit_enabled = true
joint_constraints/x/linear_limit_upper = 0.0
joint_constraints/x/linear_limit_lower = 0.0
joint_constraints/x/linear_limit_softness = 0.7
joint_constraints/x/linear_spring_enabled = false
joint_constraints/x/linear_spring_stiffness = 0.0
joint_constraints/x/linear_spring_damping = 0.0
joint_constraints/x/linear_equilibrium_point = 0.0
joint_constraints/x/linear_restitution = 0.5
joint_constraints/x/linear_damping = 1.0
joint_constraints/x/angular_limit_enabled = true
joint_constraints/x/angular_limit_upper = 0.0
joint_constraints/x/angular_limit_lower = 0.0
joint_constraints/x/angular_limit_softness = 0.5
joint_constraints/x/angular_restitution = 0.0
joint_constraints/x/angular_damping = 1.0
joint_constraints/x/erp = 0.5
joint_constraints/x/angular_spring_enabled = false
joint_constraints/x/angular_spring_stiffness = 0.0
joint_constraints/x/angular_spring_damping = 0.0
joint_constraints/x/angular_equilibrium_point = 0.0
joint_constraints/y/linear_limit_enabled = true
joint_constraints/y/linear_limit_upper = 0.0
joint_constraints/y/linear_limit_lower = 0.0
joint_constraints/y/linear_limit_softness = 0.7
joint_constraints/y/linear_spring_enabled = false
joint_constraints/y/linear_spring_stiffness = 0.0
joint_constraints/y/linear_spring_damping = 0.0
joint_constraints/y/linear_equilibrium_point = 0.0
joint_constraints/y/linear_restitution = 0.5
joint_constraints/y/linear_damping = 1.0
joint_constraints/y/angular_limit_enabled = true
joint_constraints/y/angular_limit_upper = 0.0
joint_constraints/y/angular_limit_lower = 0.0
joint_constraints/y/angular_limit_softness = 0.5
joint_constraints/y/angular_restitution = 0.0
joint_constraints/y/angular_damping = 1.0
joint_constraints/y/erp = 0.5
joint_constraints/y/angular_spring_enabled = false
joint_constraints/y/angular_spring_stiffness = 0.0
joint_constraints/y/angular_spring_damping = 0.0
joint_constraints/y/angular_equilibrium_point = 0.0
joint_constraints/z/linear_limit_enabled = true
joint_constraints/z/linear_limit_upper = 0.0
joint_constraints/z/linear_limit_lower = 0.0
joint_constraints/z/linear_limit_softness = 0.7
joint_constraints/z/linear_spring_enabled = false
joint_constraints/z/linear_spring_stiffness = 0.0
joint_constraints/z/linear_spring_damping = 0.0
joint_constraints/z/linear_equilibrium_point = 0.0
joint_constraints/z/linear_restitution = 0.5
joint_constraints/z/linear_damping = 1.0
joint_constraints/z/angular_limit_enabled = true
joint_constraints/z/angular_limit_upper = 0.0
joint_constraints/z/angular_limit_lower = 0.0
joint_constraints/z/angular_limit_softness = 0.5
joint_constraints/z/angular_restitution = 0.0
joint_constraints/z/angular_damping = 1.0
joint_constraints/z/erp = 0.5
joint_constraints/z/angular_spring_enabled = false
joint_constraints/z/angular_spring_stiffness = 0.0
joint_constraints/z/angular_spring_damping = 0.0
joint_constraints/z/angular_equilibrium_point = 0.0

[node name="CollisionShape3D" type="CollisionShape3D" parent="Root/Skeleton3D/Physical Bone Head" index="0"]
transform = Transform3D(1, 0, 0, 0, 0, 1, 0, -1, 0, 0, 0, 0)
shape = SubResource("CapsuleShape3D_nd1k4")

[node name="Physical Bone LeftArm" type="PhysicalBone3D" parent="Root/Skeleton3D" index="6"]
transform = Transform3D(-0.952197, -0.0465388, -0.30307, -0.300838, -0.0493612, 0.952763, -0.0592577, 0.998303, 0.032949, 0.237791, 1.78226, -0.0518634)
joint_type = 5
joint_offset = Transform3D(1, 0, 0, 0, 1, 0, 0, 0, 1, 5.74849e-05, 4.39292e-06, 0.117794)
body_offset = Transform3D(1.00035, 4.08888e-05, -1.25358e-05, -1.47923e-05, 2.62149e-05, -1.00035, -3.42466e-05, 1.00061, -5.67362e-06, -5.60284e-05, 0.117835, -3.72529e-06)
bone_name = "LeftArm"
joint_constraints/x/linear_limit_enabled = true
joint_constraints/x/linear_limit_upper = 0.0
joint_constraints/x/linear_limit_lower = 0.0
joint_constraints/x/linear_limit_softness = 0.7
joint_constraints/x/linear_spring_enabled = false
joint_constraints/x/linear_spring_stiffness = 0.0
joint_constraints/x/linear_spring_damping = 0.0
joint_constraints/x/linear_equilibrium_point = 0.0
joint_constraints/x/linear_restitution = 0.5
joint_constraints/x/linear_damping = 1.0
joint_constraints/x/angular_limit_enabled = true
joint_constraints/x/angular_limit_upper = 0.0
joint_constraints/x/angular_limit_lower = 0.0
joint_constraints/x/angular_limit_softness = 0.5
joint_constraints/x/angular_restitution = 0.0
joint_constraints/x/angular_damping = 1.0
joint_constraints/x/erp = 0.5
joint_constraints/x/angular_spring_enabled = false
joint_constraints/x/angular_spring_stiffness = 0.0
joint_constraints/x/angular_spring_damping = 0.0
joint_constraints/x/angular_equilibrium_point = 0.0
joint_constraints/y/linear_limit_enabled = true
joint_constraints/y/linear_limit_upper = 0.0
joint_constraints/y/linear_limit_lower = 0.0
joint_constraints/y/linear_limit_softness = 0.7
joint_constraints/y/linear_spring_enabled = false
joint_constraints/y/linear_spring_stiffness = 0.0
joint_constraints/y/linear_spring_damping = 0.0
joint_constraints/y/linear_equilibrium_point = 0.0
joint_constraints/y/linear_restitution = 0.5
joint_constraints/y/linear_damping = 1.0
joint_constraints/y/angular_limit_enabled = true
joint_constraints/y/angular_limit_upper = 0.0
joint_constraints/y/angular_limit_lower = 0.0
joint_constraints/y/angular_limit_softness = 0.5
joint_constraints/y/angular_restitution = 0.0
joint_constraints/y/angular_damping = 1.0
joint_constraints/y/erp = 0.5
joint_constraints/y/angular_spring_enabled = false
joint_constraints/y/angular_spring_stiffness = 0.0
joint_constraints/y/angular_spring_damping = 0.0
joint_constraints/y/angular_equilibrium_point = 0.0
joint_constraints/z/linear_limit_enabled = true
joint_constraints/z/linear_limit_upper = 0.0
joint_constraints/z/linear_limit_lower = 0.0
joint_constraints/z/linear_limit_softness = 0.7
joint_constraints/z/linear_spring_enabled = false
joint_constraints/z/linear_spring_stiffness = 0.0
joint_constraints/z/linear_spring_damping = 0.0
joint_constraints/z/linear_equilibrium_point = 0.0
joint_constraints/z/linear_restitution = 0.5
joint_constraints/z/linear_damping = 1.0
joint_constraints/z/angular_limit_enabled = true
joint_constraints/z/angular_limit_upper = 0.0
joint_constraints/z/angular_limit_lower = 0.0
joint_constraints/z/angular_limit_softness = 0.5
joint_constraints/z/angular_restitution = 0.0
joint_constraints/z/angular_damping = 1.0
joint_constraints/z/erp = 0.5
joint_constraints/z/angular_spring_enabled = false
joint_constraints/z/angular_spring_stiffness = 0.0
joint_constraints/z/angular_spring_damping = 0.0
joint_constraints/z/angular_equilibrium_point = 0.0

[node name="CollisionShape3D" type="CollisionShape3D" parent="Root/Skeleton3D/Physical Bone LeftArm" index="0"]
transform = Transform3D(0.99992, 0.0126138, 0.000334498, -0.000335122, 4.75291e-05, 0.999999, 0.0126139, -0.99992, 5.17331e-05, 0.00586247, 3.68939e-05, -0.000520766)
shape = SubResource("CapsuleShape3D_jg715")

[node name="Physical Bone LeftForeArm" type="PhysicalBone3D" parent="Root/Skeleton3D" index="7"]
transform = Transform3D(-0.953809, -0.111598, -0.279208, -0.300386, 0.313411, 0.901011, -0.0130767, 0.943405, -0.33232, 0.310154, 1.55151, -0.0119381)
joint_type = 5
joint_offset = Transform3D(1, 0, 0, 0, 1, 0, 0, 0, 1, -3.66889e-06, 7.16525e-06, 0.131813)
body_offset = Transform3D(1.00008, -2.76649e-05, -2.23555e-05, -2.79038e-05, -2.45869e-05, -1.00011, -1.05482e-05, 1.00035, 8.70228e-06, 6.61612e-06, 0.131827, -8.31485e-06)
bone_name = "LeftForeArm"
joint_constraints/x/linear_limit_enabled = true
joint_constraints/x/linear_limit_upper = 0.0
joint_constraints/x/linear_limit_lower = 0.0
joint_constraints/x/linear_limit_softness = 0.7
joint_constraints/x/linear_spring_enabled = false
joint_constraints/x/linear_spring_stiffness = 0.0
joint_constraints/x/linear_spring_damping = 0.0
joint_constraints/x/linear_equilibrium_point = 0.0
joint_constraints/x/linear_restitution = 0.5
joint_constraints/x/linear_damping = 1.0
joint_constraints/x/angular_limit_enabled = true
joint_constraints/x/angular_limit_upper = 0.0
joint_constraints/x/angular_limit_lower = 0.0
joint_constraints/x/angular_limit_softness = 0.5
joint_constraints/x/angular_restitution = 0.0
joint_constraints/x/angular_damping = 1.0
joint_constraints/x/erp = 0.5
joint_constraints/x/angular_spring_enabled = false
joint_constraints/x/angular_spring_stiffness = 0.0
joint_constraints/x/angular_spring_damping = 0.0
joint_constraints/x/angular_equilibrium_point = 0.0
joint_constraints/y/linear_limit_enabled = true
joint_constraints/y/linear_limit_upper = 0.0
joint_constraints/y/linear_limit_lower = 0.0
joint_constraints/y/linear_limit_softness = 0.7
joint_constraints/y/linear_spring_enabled = false
joint_constraints/y/linear_spring_stiffness = 0.0
joint_constraints/y/linear_spring_damping = 0.0
joint_constraints/y/linear_equilibrium_point = 0.0
joint_constraints/y/linear_restitution = 0.5
joint_constraints/y/linear_damping = 1.0
joint_constraints/y/angular_limit_enabled = true
joint_constraints/y/angular_limit_upper = 0.0
joint_constraints/y/angular_limit_lower = 0.0
joint_constraints/y/angular_limit_softness = 0.5
joint_constraints/y/angular_restitution = 0.0
joint_constraints/y/angular_damping = 1.0
joint_constraints/y/erp = 0.5
joint_constraints/y/angular_spring_enabled = false
joint_constraints/y/angular_spring_stiffness = 0.0
joint_constraints/y/angular_spring_damping = 0.0
joint_constraints/y/angular_equilibrium_point = 0.0
joint_constraints/z/linear_limit_enabled = true
joint_constraints/z/linear_limit_upper = 0.0
joint_constraints/z/linear_limit_lower = 0.0
joint_constraints/z/linear_limit_softness = 0.7
joint_constraints/z/linear_spring_enabled = false
joint_constraints/z/linear_spring_stiffness = 0.0
joint_constraints/z/linear_spring_damping = 0.0
joint_constraints/z/linear_equilibrium_point = 0.0
joint_constraints/z/linear_restitution = 0.5
joint_constraints/z/linear_damping = 1.0
joint_constraints/z/angular_limit_enabled = true
joint_constraints/z/angular_limit_upper = 0.0
joint_constraints/z/angular_limit_lower = 0.0
joint_constraints/z/angular_limit_softness = 0.5
joint_constraints/z/angular_restitution = 0.0
joint_constraints/z/angular_damping = 1.0
joint_constraints/z/erp = 0.5
joint_constraints/z/angular_spring_enabled = false
joint_constraints/z/angular_spring_stiffness = 0.0
joint_constraints/z/angular_spring_damping = 0.0
joint_constraints/z/angular_equilibrium_point = 0.0

[node name="CollisionShape3D" type="CollisionShape3D" parent="Root/Skeleton3D/Physical Bone LeftForeArm" index="0"]
transform = Transform3D(0.999987, 0.00160319, -0.00483474, 0.00492429, -0.0615665, 0.998091, 0.00130247, -0.998102, -0.0615736, 0, 0, 0)
shape = SubResource("CapsuleShape3D_lvycg")

[node name="Physical Bone LeftHand" type="PhysicalBone3D" parent="Root/Skeleton3D" index="8"]
transform = Transform3D(0.429534, -0.884427, -0.190752, -0.382439, -0.365606, 0.852997, -0.827636, -0.290536, -0.493508, 0.353525, 1.40334, 0.0489466)
joint_type = 5
joint_offset = Transform3D(1, 0, 0, 0, 1, 0, 0, 0, 1, 4.65126e-05, 2.40828e-06, 0.0345403)
body_offset = Transform3D(1.00784, -1.34856e-05, 0.000103593, -0.000185668, 2.30968e-05, -1.00376, 0.000401825, 1.00015, 0.000250697, -5.04553e-05, 0.0346702, -1.10865e-05)
bone_name = "LeftHand"
joint_constraints/x/linear_limit_enabled = true
joint_constraints/x/linear_limit_upper = 0.0
joint_constraints/x/linear_limit_lower = 0.0
